Inicio leitura (formato: numLeitura541, angulo, distanciaLaser, X laser, Y laser, X roboGlobal, Y roboGlobal)

6055,,6204,,6236,,6166,,6098,,6035,,5971,,5911,,5859,,5807,,5754,,5707,,5661,,5619,,5580,,5540,,5505,,5470,,5442,,5410,,5379,,5356,,5332,,5310,,5285,,5267,,5250,,5237,,5221,,5211,,5199,,5190,,5185,,5176,,5174,,5170,,5171,,5169,,5171,,5175,,5178,,5189,,5195,,5207,,5219,,5230,,5245,,5261,,5279,,5297,,5322,,5346,,5371,,5400,,5424,,5456,,5491,,5525,,5563,,5602,,5644,,5691,,5737,,5782,,5836,,5888,,5948,,6008,,6073,,6137,,6206,,6280,,6359,,6438,,6525,,6613,,6708,,6802,,6909,,7018,,7136,,7253,,7381,,7518,,7659,,7805,,7961,,8132,,8300,,8191,,8084,,7981,,7889,,7799,,7709,,7623,,7543,,7470,,7399,,7327,,7264,,7207,,7145,,7090,,7038,,6988,,6943,,6899,,6859,,6819,,6785,,6747,,6719,,6689,,6660,,6633,,6612,,6595,,6574,,6560,,6542,,6533,,6523,,2082,,2082,,2081,,2079,,2079,,2079,,2081,,2065,,2105,,2149,,2194,,2238,,6570,,6583,,6606,,6625,,6650,,6677,,6702,,6737,,6767,,6805,,6840,,6881,,6922,,6973,,7021,,7070,,7124,,7182,,7239,,7307,,7371,,7442,,7515,,7595,,7677,,7759,,7850,,7945,,8042,,8145,,8221,,8039,,7875,,7714,,7566,,7426,,7290,,7159,,7045,,6927,,6818,,6717,,6616,,6522,,6433,,6345,,

6054,,6208,,6235,,6168,,6098,,6033,,5970,,5913,,5858,,5806,,5753,,5707,,5660,,5618,,5578,,5542,,5502,,5472,,5441,,5408,,5383,,5356,,5332,,5310,,5289,,5269,,5252,,5238,,5225,,5213,,5199,,5192,,5182,,5178,,5172,,5171,,5171,,5169,,5170,,5177,,5181,,5187,,5193,,5208,,5217,,5230,,5246,,5260,,5281,,5298,,5323,,5348,,5369,,5399,,5425,,5460,,5492,,5524,,5565,,5604,,5647,,5686,,5734,,5784,,5835,,5892,,5946,,6009,,6069,,6138,,6209,,6280,,6361,,6439,,6525,,6611,,6708,,6804,,6912,,7021,,7135,,7252,,7382,,7514,,7659,,7810,,7966,,8128,,8304,,8188,,8082,,7984,,7887,,7796,,7707,,7625,,7543,,7468,,7401,,7333,,7267,,7205,,7147,,7093,,7038,,6986,,6942,,6898,,6855,,6817,,6782,,6750,,6715,,6689,,6663,,6637,,6611,,6591,,6574,,6559,,6545,,6533,,6520,,2086,,2079,,2081,,2082,,2081,,2078,,2079,,2061,,2108,,2147,,2194,,2235,,6566,,6585,,6606,,6625,,6653,,6674,,6705,,6737,,6766,,6804,,6839,,6881,,6926,,6969,,7017,,7069,,7121,,7181,,7242,,7305,,7372,,7440,,7515,,7594,,7678,,7762,,7846,,7941,,8046,,8149,,8219,,8044,,7873,,7719,,7565,,7427,,7293,,7164,,7042,,6928,,6818,,6716,,6615,,6521,,6434,,6347,,

6055,,6203,,6238,,6167,,6095,,6034,,5970,,5914,,5854,,5807,,5752,,5705,,5660,,5622,,5580,,5542,,5503,,5469,,5440,,5410,,5381,,5356,,5333,,5311,,5288,,5271,,5249,,5238,,5221,,5208,,5197,,5191,,5183,,5177,,5173,,5172,,5167,,5172,,5174,,5174,,5182,,5190,,5194,,5208,,5218,,5228,,5244,,5260,,5280,,5300,,5324,,5347,,5372,,5400,,5428,,5455,,5489,,5525,,5564,,5602,,5644,,5687,,5733,,5782,,5834,,5890,,5949,,6005,,6070,,6136,,6204,,6282,,6357,,6436,,6523,,6612,,6706,,6805,,6910,,7020,,7133,,7255,,7380,,7519,,7661,,7807,,7968,,8129,,8304,,8194,,8081,,7984,,7887,,7796,,7707,,7627,,7545,,7472,,7399,,7332,,7268,,7202,,7145,,7094,,7038,,6990,,6942,,6900,,6857,,6817,,6780,,6749,,6716,,6688,,6663,,6637,,6612,,6591,,6577,,6558,,6545,,6529,,6521,,2084,,2083,,2082,,2081,,2079,,2078,,2083,,2063,,2106,,2149,,2191,,2240,,6565,,6586,,6606,,6627,,6648,,6676,,6703,,6736,,6768,,6805,,6842,,6883,,6926,,6968,,7019,,7070,,7126,,7182,,7242,,7302,,7374,,7442,,7515,,7594,,7673,,7758,,7851,,7948,,8042,,8147,,8214,,8045,,7878,,7717,,7567,,7426,,7291,,7162,,7039,,6929,,6821,,6715,,6616,,6523,,6433,,6348,,

6056,,6200,,6239,,6164,,6096,,6031,,5973,,5911,,5858,,5803,,5755,,5708,,5663,,5619,,5577,,5538,,5505,,5473,,5437,,5409,,5380,,5354,,5329,,5307,,5286,,5269,,5253,,5236,,5222,,5210,,5199,,5191,,5185,,5177,,5175,,5168,,5171,,5168,,5170,,5174,,5183,,5189,,5198,,5205,,5218,,5233,,5244,,5259,,5282,,5302,,5321,,5343,,5369,,5396,,5427,,5458,,5488,,5524,,5563,,5602,,5644,,5686,,5737,,5781,,5837,,5892,,5948,,6006,,6072,,6139,,6208,,6282,,6360,,6439,,6524,,6610,,6707,,6804,,6907,,7020,,7135,,7256,,7383,,7514,,7658,,7808,,7965,,8130,,8305,,8194,,8083,,7982,,7888,,7796,,7707,,7627,,7547,,7471,,7401,,7329,,7268,,7205,,7146,,7091,,7037,,6987,,6942,,6901,,6860,,6817,,6783,,6747,,6719,,6690,,6660,,6634,,6615,,6591,,6572,,6560,,6542,,6531,,6519,,2084,,2081,,2082,,2080,,2079,,2078,,2079,,2062,,2103,,2148,,2193,,2237,,6568,,6584,,6602,,6625,,6649,,6675,,6706,,6733,,6770,,6803,,6844,,6881,,6927,,6973,,7016,,7071,,7122,,7183,,7239,,7306,,7371,,7442,,7513,,7592,,7675,,7760,,7850,,7943,,8041,,8147,,8220,,8046,,7872,,7716,,7568,,7423,,7291,,7162,,7040,,6929,,6816,,6716,,6615,,6523,,6433,,6350,,

6056,,6205,,6236,,6166,,6097,,6035,,5969,,5915,,5859,,5803,,5757,,5705,,5660,,5620,,5578,,5538,,5505,,5469,,5440,,5409,,5382,,5357,,5332,,5306,,5286,,5271,,5254,,5236,,5221,,5208,,5202,,5192,,5184,,5178,,5174,,5169,,5171,,5170,,5173,,5175,,5181,,5185,,5196,,5205,,5218,,5229,,5246,,5263,,5282,,5300,,5323,,5348,,5372,,5396,,5428,,5458,,5492,,5527,,5561,,5604,,5645,,5687,,5733,,5783,,5836,,5892,,5949,,6007,,6069,,6136,,6206,,6281,,6359,,6440,,6523,,6615,,6706,,6809,,6910,,7017,,7132,,7251,,7385,,7515,,7661,,7809,,7966,,8128,,8301,,8191,,8085,,7981,,7888,,7798,,7707,,7624,,7545,,7470,,7398,,7332,,7264,,7203,,7147,,7090,,7038,,6988,,6943,,6898,,6859,,6821,,6781,,6747,,6715,,6687,,6658,,6634,,6615,,6594,,6573,,6558,,6546,,6531,,6521,,2081,,2080,,2078,,2080,,2082,,2082,,2080,,2063,,2104,,2149,,2190,,2236,,6567,,6584,,6607,,6628,,6653,,6678,,6704,,6735,,6770,,6804,,6840,,6881,,6925,,6971,,7020,,7069,,7124,,7183,,7241,,7305,,7371,,7440,,7515,,7595,,7671,,7759,,7849,,7947,,8043,,8148,,8221,,8039,,7873,,7716,,7562,,7423,,7293,,7161,,7043,,6930,,6818,,6714,,6615,,6524,,6435,,6347,,

6194,,6116,,6043,,5974,,5908,,5849,,5783,,5731,,5673,,5626,,5573,,5530,,5485,,5445,,5405,,5368,,5331,,5301,,5268,,5242,,5213,,5188,,5163,,5142,,5124,,5107,,5090,,5072,,5060,,5048,,5039,,5031,,5021,,5016,,5014,,5012,,5009,,5011,,5012,,5015,,5020,,5028,,5037,,5044,,5056,,5067,,5084,,5101,,5116,,5135,,5155,,5178,,5205,,5228,,5260,,5289,,5319,,5356,,5390,,5430,,5468,,5510,,5556,,5604,,5655,,5709,,5764,,5820,,5881,,5949,,6014,,6087,,6163,,6237,,6319,,6409,,6502,,6598,,6696,,6799,,6912,,7025,,7150,,7283,,7419,,7565,,7719,,7878,,8019,,7912,,7810,,7715,,7623,,7529,,7445,,7364,,7290,,7217,,7147,,7080,,7018,,6960,,6905,,6852,,6801,,6751,,6707,,6665,,6627,,6585,,6551,,6519,,6488,,6460,,6435,,6412,,6386,,6367,,6352,,6337,,6319,,6311,,6302,,6294,,6283,,6279,,6278,,6281,,1857,,1861,,1860,,1865,,1868,,1868,,1871,,1877,,1885,,1931,,1977,,2026,,6451,,6479,,6505,,6541,,6571,,6608,,6646,,6691,,6736,,6780,,6832,,6880,,6939,,6996,,7056,,7122,,7186,,7260,,7334,,7415,,7498,,7584,,7679,,7773,,7873,,7977,,8089,,8120,,7960,,7808,,7665,,7520,,7391,,7263,,7145,,7033,,6928,,6825,,6730,,6633,,6547,,

3992,,3961,,3930,,3899,,3877,,3847,,3823,,3801,,3783,,3764,,3743,,3725,,3710,,3697,,3682,,3673,,3660,,3652,,3644,,3635,,3627,,3624,,3619,,3617,,3617,,3615,,3613,,3617,,3621,,3625,,3627,,3631,,3639,,3649,,3658,,3668,,3679,,3694,,3707,,3722,,3737,,3754,,3775,,3796,,3818,,3840,,3862,,3888,,3917,,3946,,3980,,4011,,4046,,4082,,4119,,4161,,4202,,4243,,4294,,4342,,4392,,4443,,4504,,4563,,4626,,4694,,4761,,4834,,4909,,4992,,5070,,5164,,5258,,5357,,5461,,5567,,5584,,5508,,5433,,5367,,5299,,5230,,5171,,5115,,5058,,5008,,4955,,4907,,4864,,4821,,4782,,4743,,4703,,4672,,4636,,4604,,4579,,4551,,4523,,4502,,4477,,4456,,4437,,4420,,4402,,4390,,4373,,4360,,4349,,4341,,4335,,4327,,4322,,4317,,4312,,4313,,4311,,4311,,4317,,4321,,4323,,4330,,4338,,4346,,4357,,4372,,4384,,4398,,4415,,4429,,4450,,4469,,4493,,4516,,4539,,4567,,4593,,4628,,4656,,4689,,4728,,4766,,4806,,4845,,4893,,4939,,4986,,5036,,5092,,5151,,5209,,5269,,5335,,5408,,5478,,5560,,5640,,5721,,5810,,5902,,6001,,6107,,6210,,6329,,6450,,6579,,6714,,6857,,7005,,7170,,7339,,7517,,7711,,7898,,7813,,7729,,7651,,7575,,7504,,7439,,7373,,

2384,,2392,,2397,,2405,,2417,,2426,,2439,,2450,,2462,,2476,,2489,,2508,,2522,,2539,,2558,,2580,,2598,,2623,,2644,,2666,,2694,,2718,,2748,,2776,,2810,,2841,,2874,,2909,,2947,,2989,,3030,,3075,,3120,,3167,,3215,,3273,,3328,,3384,,3449,,3512,,3584,,3658,,3734,,3816,,3905,,3996,,4096,,4198,,4312,,4431,,4557,,4691,,4837,,4995,,5160,,5341,,5534,,5592,,5549,,5506,,5472,,5436,,5398,,5371,,5338,,5310,,5289,,5263,,5239,,5222,,5198,,5186,,5169,,5156,,5141,,5133,,5123,,5113,,5111,,5104,,5101,,5101,,5099,,5105,,5107,,5111,,5120,,5124,,5134,,5149,,5158,,5176,,5190,,5208,,5229,,5250,,5271,,5296,,5322,,5349,,5382,,5414,,5450,,5487,,5525,,5566,,5609,,5653,,5702,,5754,,5807,,5861,,5920,,5986,,6049,,6119,,6189,,6269,,6347,,6432,,6518,,6609,,6709,,6811,,6918,,7029,,7144,,7271,,7401,,7542,,7690,,7845,,8009,,8184,,8363,,8559,,8763,,8986,,9220,,9149,,9045,,8952,,8866,,8780,,8700,,8619,,8550,,8478,,8416,,8352,,8293,,8236,,8184,,8135,,8087,,8044,,8006,,7964,,7929,,7900,,7869,,7841,,1872,,1827,,1842,,1858,,1853,,1870,,1869,,1886,,1908,,1905,,1928,,1946,,1945,,1950,,7725,,7735,,7750,,7764,,7782,,

2858,,2820,,2788,,2756,,2722,,2692,,2664,,2635,,2611,,2587,,2563,,2537,,2519,,2501,,2480,,2461,,2442,,2427,,2416,,2398,,2388,,2376,,2361,,2350,,2342,,2331,,2322,,2318,,2308,,2305,,2297,,2293,,2287,,2289,,2285,,2282,,2278,,2279,,2282,,2279,,2282,,2286,,2289,,2289,,2295,,2300,,2305,,2314,,2319,,2326,,2338,,2348,,2356,,2365,,2380,,2393,,2407,,2421,,2433,,2451,,2469,,2489,,2506,,2529,,2548,,2573,,2598,,2623,,2650,,2676,,2703,,2736,,2769,,2800,,2839,,2872,,2916,,2958,,2997,,3046,,3093,,3143,,3196,,3252,,3309,,3370,,3438,,3507,,3581,,3660,,3738,,3830,,3918,,4017,,4120,,4231,,4352,,4479,,4612,,4763,,4916,,5091,,5270,,5467,,5683,,5923,,6182,,6466,,6771,,7128,,7234,,7192,,7157,,7124,,7091,,7063,,7034,,7014,,6990,,6970,,6951,,6935,,6926,,6914,,6906,,6898,,6893,,6890,,6890,,6891,,6896,,6900,,6909,,6917,,6932,,6945,,6959,,6980,,6999,,7023,,7046,,7073,,7105,,7136,,7171,,7212,,7247,,7293,,7338,,7382,,7435,,7491,,7546,,7608,,7672,,7736,,7810,,7883,,7957,,8038,,8129,,8219,,8314,,8413,,8521,,8630,,8745,,8865,,8995,,9126,,9270,,9418,,9571,,9736,,9909,,10094,,10284,,10491,,10399,,10250,,10108,,

4614,,4612,,4610,,4607,,4610,,4611,,4617,,4623,,4626,,4633,,4644,,4657,,4666,,4683,,4699,,4716,,4732,,4751,,4772,,4796,,4823,,4849,,4878,,4907,,4942,,4972,,5012,,5049,,5089,,5131,,5178,,5225,,5275,,5324,,5379,,5440,,5499,,5560,,5632,,5701,,5772,,5853,,5932,,6015,,6106,,6204,,6298,,6406,,6514,,6633,,6758,,6888,,7018,,7160,,7315,,7464,,7364,,7269,,7183,,7098,,7011,,6936,,6867,,6792,,6728,,6664,,6603,,6547,,6491,,6442,,6393,,6344,,6305,,6262,,6222,,6186,,6153,,6121,,6089,,6061,,6035,,6012,,5994,,5975,,5954,,5938,,5923,,5915,,5904,,5895,,5888,,5883,,5880,,5880,,5877,,5881,,5885,,5891,,5897,,5908,,5917,,5931,,5946,,5962,,5981,,6001,,6027,,6048,,6078,,6103,,6133,,6168,,6203,,6240,,6280,,6322,,6369,,6415,,6464,,6517,,6573,,6632,,6695,,6758,,6829,,6901,,6973,,7051,,7139,,7226,,7318,,7411,,7515,,7624,,7734,,7852,,7973,,7917,,7780,,7643,,7514,,7394,,7283,,7173,,1338,,1320,,1302,,1283,,1265,,1251,,1235,,1221,,1210,,1173,,1173,,1176,,1188,,1198,,1201,,1200,,1210,,1224,,1239,,1244,,1248,,1256,,5719,,5689,,5659,,5635,,5611,,5590,,5566,,5546,,5531,,5516,,5499,,5490,,5480,,5471,,5463,,

4435,,4427,,4429,,4429,,4427,,4431,,4434,,4440,,4444,,4455,,4462,,4470,,4485,,4498,,4514,,4526,,4546,,4564,,4587,,4608,,4633,,4659,,4683,,4716,,4745,,4779,,4816,,4850,,4890,,4772,,4604,,4455,,4317,,4185,,4063,,3952,,3842,,3747,,3652,,3564,,3483,,3402,,3331,,3262,,3199,,3134,,3075,,3017,,2966,,2919,,2870,,2825,,2778,,2738,,2701,,2664,,2628,,2597,,2563,,2533,,2503,,2478,,2448,,2426,,2400,,2378,,2358,,2334,,2318,,2297,,2283,,2267,,2249,,2236,,2220,,2206,,2197,,2185,,2172,,2165,,2157,,2147,,2137,,2132,,2127,,2118,,2114,,2111,,2109,,2105,,2100,,2098,,2097,,2097,,2097,,2101,,2099,,2104,,2103,,2108,,2111,,2116,,2123,,2128,,2136,,2140,,2150,,2157,,2167,,2177,,2189,,2203,,2214,,2226,,2241,,2256,,2272,,2289,,2305,,2328,,2345,,2369,,2388,,2413,,2435,,2465,,2492,,2517,,2548,,2576,,2610,,2646,,2682,,2721,,2761,,2801,,2844,,2893,,2939,,2991,,3046,,3101,,3166,,3230,,3298,,3368,,3442,,3522,,3608,,3698,,3796,,3899,,4002,,4125,,4244,,4385,,4525,,4686,,4858,,5037,,5239,,5454,,5689,,5953,,5978,,5944,,5910,,5877,,5850,,5824,,5798,,5772,,5752,,5734,,5714,,5699,,5682,,5670,,5661,,5653,,5643,,

4407,,4405,,4401,,4401,,4404,,4406,,4411,,4415,,4420,,4429,,4437,,4447,,4457,,4472,,4484,,4502,,4522,,4538,,4558,,4584,,4608,,4633,,4659,,4539,,4339,,4150,,3981,,3825,,3680,,3552,,3428,,3314,,3213,,3117,,3025,,2941,,2865,,2787,,2719,,2655,,2593,,2534,,2480,,2429,,2381,,2336,,2287,,2248,,2210,,2171,,2135,,2101,,2071,,2040,,2009,,1984,,1958,,1930,,1907,,1884,,1865,,1845,,1821,,1807,,1789,,1769,,1756,,1742,,1727,,1713,,1699,,1686,,1674,,1664,,1653,,1642,,1636,,1628,,1620,,1610,,1602,,1598,,1594,,1585,,1580,,1577,,1573,,1569,,1569,,1569,,1563,,1562,,1561,,1564,,1564,,1565,,1566,,1566,,1569,,1568,,1573,,1577,,1580,,1584,,1588,,1594,,1602,,1608,,1615,,1620,,1628,,1638,,1649,,1658,,1671,,1680,,1691,,1704,,1720,,1730,,1744,,1763,,1781,,1797,,1812,,1831,,1855,,1876,,1896,,1922,,1943,,1971,,1997,,2024,,2056,,2086,,2122,,2153,,2191,,2227,,2271,,2312,,2359,,2403,,2451,,2507,,2563,,2625,,2686,,2753,,2827,,2898,,2983,,3072,,3167,,3262,,3374,,3488,,3615,,3750,,3898,,4059,,4237,,4437,,4649,,4880,,5146,,5446,,5782,,5847,,5825,,5797,,5779,,5755,,5742,,5723,,5711,,5698,,5686,,5679,,5670,,

4556,,4550,,4547,,4548,,4552,,4551,,4558,,4559,,4568,,4574,,4583,,4594,,4608,,4623,,4638,,4655,,4671,,4690,,4714,,4736,,4762,,4788,,4816,,4847,,4878,,4907,,4944,,4984,,5023,,5064,,5111,,5152,,5203,,5257,,5308,,5368,,5428,,5492,,5556,,5628,,5699,,5776,,5852,,5940,,6031,,6125,,6223,,6327,,6430,,6441,,6339,,6239,,6142,,6051,,5969,,5884,,5802,,5732,,5660,,5595,,5528,,5469,,5411,,5355,,5301,,5251,,5208,,5162,,5120,,5077,,5037,,5002,,4969,,4936,,4907,,4878,,4847,,4826,,4799,,4778,,4758,,4742,,4723,,4709,,4692,,4680,,4668,,4663,,4652,,4647,,4643,,4638,,4637,,4633,,4631,,4637,,4639,,4643,,4649,,4655,,4665,,4678,,4686,,4700,,4714,,4729,,4749,,4767,,4789,,4813,,4836,,4864,,4889,,4921,,4951,,4983,,5020,,5057,,5095,,5137,,5180,,5229,,5277,,5327,,5382,,5439,,5499,,5562,,5627,,5697,,5768,,5839,,5922,,6006,,6096,,6190,,6286,,6388,,6496,,6612,,6730,,6854,,6987,,7127,,7142,,7042,,6953,,6862,,6777,,6690,,6614,,6539,,6469,,6401,,6335,,6276,,6218,,6160,,6111,,6060,,6017,,5972,,5927,,5890,,5850,,5817,,5782,,5752,,5724,,5695,,5672,,5650,,5628,,5608,,5589,,5575,,5561,,5550,,5539,,5532,,5523,,

4697,,4694,,4695,,4690,,4691,,4694,,4699,,4703,,4710,,4717,,4729,,4741,,4750,,4764,,4780,,4800,,4818,,4837,,4862,,4887,,4912,,4936,,4967,,4997,,5031,,5064,,5103,,5142,,5180,,5225,,5271,,5320,,5370,,5423,,5480,,5537,,5600,,5666,,5729,,5801,,5876,,5958,,6041,,6126,,6220,,6313,,6416,,6524,,6635,,6749,,6878,,7007,,7147,,7293,,7449,,7615,,7788,,7972,,8164,,8378,,8600,,8830,,8910,,8815,,8730,,8651,,8572,,8495,,8429,,8359,,8300,,8238,,8180,,8126,,8076,,8030,,7986,,7942,,7907,,7871,,7836,,7807,,7776,,7752,,7730,,7707,,7692,,7673,,7663,,7653,,7640,,7637,,7632,,7628,,7629,,7633,,7637,,7645,,7657,,7666,,7684,,7697,,7716,,7741,,7766,,7794,,7820,,7853,,7887,,7924,,7965,,8007,,8054,,8099,,2688,,2519,,2502,,2479,,2465,,2450,,2427,,2426,,2519,,8772,,8863,,8951,,9054,,9154,,9263,,9232,,9016,,8812,,8617,,8437,,8264,,8102,,7940,,7798,,7658,,7529,,7401,,7281,,7169,,7062,,6962,,6861,,6772,,6680,,6597,,6517,,6440,,6369,,6298,,6233,,6171,,6113,,6056,,6002,,5952,,5905,,5861,,5816,,5771,,5733,,5699,,5667,,5630,,5603,,5576,,5550,,5523,,5501,,5480,,5464,,5443,,5427,,5417,,5402,,5396,,5388,,5378,,

4804,,4801,,4797,,4797,,4800,,4801,,4806,,4810,,4817,,4828,,4834,,4846,,4862,,4874,,4890,,4910,,4928,,4951,,4974,,4997,,5019,,5051,,5078,,5110,,5142,,5180,,5217,,5257,,5300,,5343,,5388,,5439,,5491,,5546,,5604,,5660,,5727,,5791,,5861,,5934,,6010,,6091,,6175,,6265,,6357,,6459,,6563,,6668,,6787,,6905,,7036,,7173,,7309,,7458,,7617,,7788,,7960,,8155,,8353,,8567,,8792,,9037,,9297,,9565,,9869,,10194,,10536,,10906,,10874,,10787,,10710,,10630,,10558,,10489,,10424,,10361,,10305,,10254,,10200,,10158,,10117,,10077,,10040,,10006,,9976,,9948,,9925,,9907,,9886,,9875,,9865,,9856,,9850,,9849,,9849,,9853,,9858,,9868,,9880,,9896,,9917,,9938,,9961,,9992,,4608,,4554,,4499,,4535,,10181,,10230,,10277,,10332,,10391,,10458,,10522,,10595,,10670,,10747,,10832,,10917,,11013,,11115,,10995,,10664,,10345,,10049,,9776,,9515,,9278,,9048,,8843,,8634,,8441,,8268,,8101,,7941,,7790,,7643,,7510,,7376,,7251,,7138,,7030,,6921,,6822,,6728,,6636,,6548,,6465,,6387,,6313,,6241,,6175,,6111,,6047,,5992,,5939,,5883,,5834,,5784,,5741,,5700,,5659,,5623,,5586,,5553,,5520,,5490,,5464,,5438,,5415,,5394,,5375,,5352,,5335,,5323,,5310,,5299,,5287,,5280,,5270,,

5226,,5264,,5308,,5350,,5399,,5448,,5499,,5555,,5613,,5677,,5741,,5806,,5875,,5951,,6029,,6108,,6192,,6287,,6377,,6481,,6584,,6697,,6810,,6932,,7060,,7199,,7344,,7490,,7649,,7823,,8000,,8195,,8394,,8612,,8839,,9090,,9350,,9627,,9926,,10255,,10603,,10947,,10857,,10771,,10695,,10615,,10543,,10479,,10414,,10352,,10293,,10240,,10192,,10150,,10107,,10065,,10031,,10001,,9972,,9942,,9921,,9905,,9886,,9870,,9859,,9852,,9850,,9850,,9850,,9854,,9861,,9870,,9883,,9898,,9922,,9944,,9968,,4887,,4591,,4546,,4489,,4559,,10187,,10236,,10292,,10345,,10405,,10470,,10539,,10611,,10687,,10768,,10850,,10939,,11031,,11132,,10920,,10592,,10278,,9996,,9726,,9464,,9233,,9009,,8798,,8595,,8407,,8228,,8067,,7909,,7756,,7618,,7479,,7348,,7227,,7115,,7005,,6902,,6804,,6707,,6617,,6533,,6451,,6376,,6300,,6228,,6164,,6097,,6037,,5979,,5925,,5872,,5824,,5775,,5734,,5690,,5651,,5615,,5577,,5543,,5513,,5485,,5460,,5433,,5412,,5386,,5369,,5349,,5337,,5319,,5304,,5297,,5287,,5280,,5269,,5266,,5262,,5260,,5261,,5264,,5263,,5270,,5080,,4147,,3501,,3046,,2678,,2399,,2174,,1986,,1828,,1690,,1581,,1478,,1390,,1315,,1243,,1185,,1127,,1079,,1030,,

6199,,6287,,6380,,6478,,6577,,6685,,6799,,6914,,7041,,7172,,7310,,7459,,7611,,7776,,7947,,8131,,8325,,8537,,8751,,8985,,9242,,9500,,9795,,10097,,10433,,10795,,10846,,10756,,10672,,10594,,10516,,10447,,10380,,10319,,10258,,10200,,10152,,10104,,10059,,10014,,9974,,9942,,9909,,9884,,9858,,9835,,9815,,9799,,9788,,9776,,9766,,9765,,9762,,9765,,9771,,9775,,9787,,9801,,9817,,9838,,9858,,9886,,4514,,4466,,4402,,4414,,10059,,10106,,10155,,10207,,10263,,10320,,10386,,10454,,10524,,10600,,10679,,10764,,10852,,10949,,11046,,10760,,10419,,10125,,9836,,9573,,9319,,9092,,8872,,8664,,8470,,8288,,8114,,7946,,7794,,7645,,7503,,7374,,7247,,7127,,7012,,6909,,6808,,6704,,6613,,6527,,6440,,6363,,6289,,6213,,6143,,6080,,6016,,5956,,5901,,5843,,5793,,5747,,5702,,5657,,5617,,5579,,5541,,5503,,5475,,5442,,5414,,5387,,5364,,5338,,5320,,5301,,5280,,5264,,5249,,5238,,5225,,5215,,5208,,5203,,5201,,5196,,5192,,5195,,5195,,5199,,5203,,5210,,4949,,4198,,3657,,3223,,2898,,2622,,2397,,2207,,2049,,1903,,1788,,1679,,1590,,1507,,1432,,1367,,1303,,1248,,1199,,1150,,1113,,1071,,1038,,1004,,971,,940,,916,,889,,868,,845,,824,,803,,784,,

7990,,8103,,8221,,8343,,8480,,8616,,8757,,8914,,9074,,9244,,9423,,9603,,9806,,10015,,10102,,9971,,9848,,9724,,9613,,9497,,9396,,9299,,9202,,9117,,9034,,8953,,8872,,8801,,8730,,8667,,8607,,8549,,8492,,8439,,8392,,8345,,8303,,8266,,8229,,2717,,2645,,2573,,2548,,2580,,8065,,8045,,8033,,8016,,8006,,7999,,7992,,7989,,7991,,7988,,7992,,8001,,8006,,8019,,8034,,8046,,8065,,8088,,8109,,8136,,8167,,8200,,8230,,8270,,8308,,8353,,8397,,8444,,8498,,8553,,8612,,8675,,8741,,8809,,8678,,8384,,8105,,7846,,7612,,7388,,7179,,6988,,6810,,6634,,6473,,6323,,6185,,6043,,5917,,5803,,5687,,5580,,5480,,5379,,5289,,5203,,5117,,5043,,4965,,4896,,4829,,4764,,4702,,4645,,4584,,4537,,4482,,4434,,4389,,4349,,4305,,4265,,4228,,4196,,4163,,4127,,4098,,4071,,4042,,4016,,3995,,3971,,3952,,3931,,3912,,3898,,3880,,3866,,3854,,3845,,3833,,3822,,3814,,3807,,3801,,3798,,3793,,3792,,3790,,3794,,3791,,3792,,3799,,3804,,3807,,3816,,3826,,3835,,3845,,3856,,3868,,3884,,3900,,3915,,3932,,3954,,3972,,3997,,4018,,4048,,4071,,4099,,4130,,4163,,4195,,4231,,4269,,4308,,4350,,4395,,4322,,4205,,4091,,3987,,3892,,3798,,3713,,

9252,,9357,,9469,,9588,,9717,,9847,,9664,,9471,,9283,,9101,,8929,,8772,,8624,,8476,,8338,,8207,,8083,,7965,,7850,,7748,,7644,,7547,,7457,,7364,,7283,,7206,,7126,,7059,,6987,,6923,,6860,,6803,,6747,,6694,,6645,,6596,,6554,,6512,,6470,,6433,,6398,,6368,,6336,,6308,,6282,,6256,,6233,,6214,,6195,,6179,,6169,,6153,,6147,,6137,,6132,,6126,,6122,,6124,,6123,,6127,,6132,,6135,,6143,,6156,,6166,,6179,,6200,,6217,,6233,,6257,,6283,,6307,,6335,,6364,,6401,,6431,,6470,,6512,,6542,,6254,,5999,,5758,,5546,,5345,,5160,,4990,,4832,,4688,,4549,,4416,,4304,,4188,,4085,,3985,,3893,,3805,,3723,,3642,,3571,,3497,,3431,,3368,,3307,,3255,,3202,,3151,,3100,,3056,,3009,,2968,,2928,,2889,,2856,,2822,,2792,,2760,,2729,,2703,,2671,,2650,,2626,,2601,,2580,,2557,,2540,,2521,,2501,,2484,,2469,,2457,,2441,,2428,,2419,,2405,,2398,,2387,,2379,,2372,,2362,,2354,,2350,,2344,,2341,,2339,,2336,,2332,,2329,,2332,,2331,,2333,,2331,,2333,,2338,,2340,,2344,,2352,,2359,,2365,,2368,,2379,,2385,,2398,,2406,,2416,,2429,,2442,,2454,,2470,,2487,,2502,,2521,,2537,,2557,,2581,,2601,,2626,,2648,,2676,,2699,,2730,,2759,,

5990,,6060,,6134,,6209,,6288,,6374,,6467,,6557,,6659,,6763,,6865,,6983,,7100,,7227,,7365,,7508,,7652,,7814,,7976,,8157,,8192,,8089,,7989,,7895,,7807,,7716,,7637,,7558,,7484,,7417,,7346,,7284,,7224,,7167,,7116,,7062,,7014,,6969,,751,,724,,698,,675,,672,,687,,687,,684,,697,,698,,699,,693,,693,,692,,710,,708,,708,,729,,728,,727,,728,,730,,748,,748,,751,,751,,772,,775,,779,,799,,803,,803,,806,,812,,6771,,6804,,6839,,6873,,6917,,6956,,7002,,7047,,7098,,7152,,7209,,7266,,7328,,7392,,7462,,7540,,7614,,7692,,7779,,7868,,7960,,8056,,8165,,8268,,8373,,8188,,8030,,7867,,7720,,7578,,7444,,7315,,7190,,7079,,6968,,6863,,6761,,6671,,6585,,6496,,6412,,6339,,6263,,6190,,6126,,6063,,6003,,5947,,5893,,5837,,5789,,5743,,5698,,5657,,5617,,5581,,5543,,5511,,5480,,5452,,5422,,5400,,5375,,5354,,5336,,5317,,5302,,5284,,5271,,5259,,5250,,5245,,5236,,5234,,5228,,5225,,5227,,5229,,5228,,5232,,5242,,5251,,5260,,5270,,5279,,5297,,5313,,5331,,5346,,5368,,5392,,5416,,5443,,5470,,5503,,5535,,5571,,5609,,5648,,5685,,5733,,5777,,5827,,5873,,5928,,5986,,6047,,6108,,6172,,

7823,,7927,,7882,,7727,,7577,,7429,,7294,,7165,,7049,,6930,,6819,,6712,,6617,,6520,,6430,,6346,,6264,,6188,,6114,,6044,,5974,,5912,,5852,,5795,,5742,,5690,,5636,,5590,,5548,,5505,,5466,,5426,,5390,,5359,,5328,,5299,,5269,,5243,,5219,,5197,,5176,,5160,,5141,,5125,,5112,,5100,,5090,,5078,,5071,,5066,,5061,,5060,,5058,,5059,,5062,,5062,,5068,,5073,,5083,,5090,,5102,,5115,,5131,,5148,,5166,,5182,,5203,,5228,,5253,,5278,,5304,,5335,,5367,,5400,,5441,,5478,,5519,,5558,,5605,,5650,,5702,,5756,,5812,,5870,,5931,,5996,,6066,,6132,,6209,,6286,,6372,,6461,,6409,,6276,,6152,,6036,,5928,,5817,,5722,,5623,,5535,,5446,,5364,,5289,,5213,,5141,,5076,,5010,,4951,,4893,,4836,,4784,,4734,,4688,,4641,,4599,,4558,,4520,,4484,,4449,,4413,,4382,,4351,,4328,,4299,,4278,,4250,,4230,,4213,,4192,,4174,,4158,,4145,,4132,,4120,,4109,,4099,,4094,,4087,,4079,,4079,,4076,,4072,,4070,,4071,,4073,,4078,,4084,,4088,,4096,,4103,,4114,,4122,,4138,,4151,,4165,,4179,,4199,,4218,,4239,,4260,,4281,,4307,,4334,,4362,,4395,,4426,,4458,,4492,,4531,,4570,,4612,,4657,,4698,,4748,,4801,,4855,,4912,,4968,,5027,,5094,,

7373,,7342,,7317,,7290,,7266,,7247,,7227,,7212,,7201,,7188,,7182,,7175,,7172,,7168,,7165,,7168,,7175,,7179,,7189,,7198,,7213,,7226,,7241,,7264,,7283,,7308,,7336,,7367,,7399,,7431,,7466,,7507,,7550,,7591,,7639,,7692,,7746,,7802,,7861,,7923,,7816,,7550,,7301,,7081,,6866,,6672,,6479,,6310,,6146,,5998,,5851,,5720,,5591,,5470,,5355,,5251,,5151,,5054,,4964,,4879,,4793,,4714,,4643,,4571,,4506,,4441,,4378,,4322,,4265,,4215,,4163,,4115,,4073,,4028,,3991,,3950,,3913,,3877,,3846,,3812,,3782,,3753,,3728,,3701,,3677,,3657,,3636,,3613,,3597,,3580,,3564,,3550,,3536,,3522,,3512,,3498,,3493,,3484,,3474,,3468,,3467,,3462,,3460,,3455,,3457,,3455,,3458,,3463,,3463,,3467,,3472,,3480,,3490,,3498,,3510,,3521,,3530,,3545,,3560,,3575,,3593,,3612,,3631,,3650,,3670,,3695,,3722,,3746,,3775,,3807,,3839,,3869,,3903,,3940,,3979,,4019,,4063,,4109,,4155,,4202,,4257,,4311,,4367,,4427,,4490,,4553,,4621,,4538,,4451,,4375,,4297,,4226,,4160,,4092,,4035,,3976,,3919,,3869,,3819,,3770,,3727,,3679,,3641,,3602,,3562,,3527,,3493,,3463,,3431,,3405,,3378,,3350,,3325,,3300,,3278,,3259,,3238,,3222,,3204,,3188,,3173,,

7415,,7341,,7274,,7204,,7144,,7087,,7031,,6981,,6928,,6883,,6841,,6797,,6759,,6723,,6692,,6656,,6627,,6599,,6577,,6552,,6533,,6517,,6497,,6483,,6469,,6459,,6454,,6446,,6442,,6437,,6439,,6437,,6444,,6445,,6453,,6461,,6474,,6486,,6503,,6522,,6536,,6560,,6583,,6607,,6637,,6666,,6700,,2152,,2124,,2132,,2149,,2162,,2175,,2195,,2189,,2272,,2376,,7224,,7289,,7359,,7428,,7510,,7589,,7671,,7757,,7853,,7953,,8050,,8161,,8278,,8396,,8516,,8648,,8594,,8441,,8287,,8151,,8013,,7888,,7768,,7654,,7548,,7437,,7340,,7250,,7159,,7072,,6994,,6913,,6840,,6769,,6702,,6641,,6578,,6521,,6466,,6413,,6369,,6319,,6278,,6235,,6200,,6162,,6127,,6094,,6063,,6036,,6012,,5987,,5968,,5945,,5931,,5915,,5900,,5886,,5874,,5870,,5861,,5853,,5853,,5852,,5853,,5853,,5854,,5863,,5868,,5880,,5889,,5900,,5918,,5934,,5954,,5974,,5992,,6021,,6044,,6074,,6105,,6138,,6171,,6210,,6248,,6291,,6332,,6380,,6428,,6483,,6537,,6597,,6657,,6721,,6790,,6856,,6748,,6574,,6408,,6247,,6100,,5960,,5828,,5706,,5583,,5478,,5368,,5270,,5176,,5090,,5003,,4923,,4846,,4775,,4704,,4635,,4571,,4512,,4460,,4401,,4353,,4302,,4258,,4214,,

6143,,6116,,6085,,6059,,6034,,6014,,5994,,5972,,5957,,5940,,5930,,5917,,5907,,5904,,5899,,5890,,5891,,5890,,5889,,5893,,5897,,5906,,5914,,5923,,5938,,5953,,5965,,5986,,6003,,6026,,6051,,6076,,6104,,6133,,6167,,6203,,6236,,6276,,6320,,6360,,6408,,6458,,6511,,6564,,6621,,6678,,6745,,6813,,6879,,6958,,7034,,7115,,7110,,6938,,6777,,6632,,6480,,6351,,6222,,6105,,5989,,5884,,5778,,5678,,5587,,5498,,5413,,5333,,5260,,5189,,5120,,5053,,4995,,4932,,4875,,4822,,4770,,4722,,4679,,4633,,4590,,4554,,4515,,4478,,4444,,4412,,4386,,4356,,4325,,4302,,4278,,4259,,4238,,4215,,4198,,4186,,4167,,4156,,4145,,4133,,4122,,4115,,4107,,4100,,4096,,4094,,4091,,4093,,4090,,4095,,4095,,4101,,4106,,4110,,4119,,4130,,4137,,4149,,4166,,4181,,4193,,4213,,4232,,4248,,4273,,4295,,4321,,4348,,4371,,4400,,4431,,4465,,4500,,4539,,4578,,4618,,4661,,4707,,4758,,4804,,4859,,4913,,4971,,5034,,5095,,5167,,5236,,5309,,5389,,5470,,5556,,5647,,5744,,5836,,5741,,5649,,5563,,5478,,5400,,5324,,5251,,5184,,5123,,5056,,4997,,4943,,4891,,4837,,4792,,4743,,4700,,4659,,4619,,4584,,4548,,4512,,4481,,4455,,4426,,4397,,4372,,

6855,,6760,,6665,,6574,,6488,,6403,,6329,,6251,,6185,,6116,,6050,,5992,,5933,,5879,,5824,,5772,,5726,,5683,,5640,,5604,,5565,,5527,,5495,,5465,,5435,,5408,,5382,,5359,,5333,,5316,,5298,,5277,,5264,,5251,,5241,,5231,,5222,,5215,,5208,,5202,,5205,,5200,,5203,,5203,,5212,,5215,,5223,,5232,,5244,,5256,,5270,,5285,,5298,,5321,,5342,,5364,,5388,,5413,,5442,,5469,,5502,,5536,,5575,,5612,,5651,,5696,,5564,,5361,,5174,,5005,,4853,,4703,,4563,,4436,,4320,,4209,,4103,,4003,,3908,,3824,,3737,,3658,,3588,,3517,,3454,,3386,,3325,,3272,,3217,,3165,,3116,,3075,,3028,,2989,,2944,,2910,,2874,,2841,,2805,,2774,,2743,,2714,,2689,,2664,,2639,,2618,,2596,,2574,,2553,,2538,,2518,,2504,,2488,,2471,,2457,,2445,,2433,,2423,,2410,,2404,,2394,,2387,,2377,,2375,,2365,,2362,,2357,,2353,,2350,,2348,,2347,,2348,,2350,,2346,,2352,,2351,,2354,,2358,,2364,,2369,,2376,,2380,,2389,,2396,,2403,,2412,,2424,,2438,,2449,,2461,,2477,,2491,,2506,,2523,,2539,,2557,,2579,,2600,,2624,,2648,,2670,,2695,,2723,,2750,,2784,,2812,,2844,,2881,,2919,,2957,,2995,,3040,,3081,,3130,,3175,,3228,,3285,,3341,,3400,,3464,,3530,,

6492,,6537,,6588,,6634,,6686,,6745,,6802,,6864,,6926,,6998,,7068,,7147,,7225,,7307,,7395,,7486,,7581,,7682,,7790,,7898,,8017,,8143,,8274,,8410,,8554,,8708,,8866,,9037,,9211,,9401,,9324,,9200,,9077,,8958,,8849,,8742,,8642,,8548,,8458,,8368,,8286,,8210,,8135,,8059,,7996,,7932,,7872,,7815,,7762,,7709,,7662,,7612,,7573,,7533,,7498,,7464,,7431,,1957,,1908,,1861,,1814,,1771,,1766,,1801,,1819,,7252,,7244,,7237,,7232,,7230,,7230,,7233,,7238,,7243,,7256,,7267,,7280,,7293,,7314,,7333,,7353,,7380,,7408,,7439,,7473,,7507,,7543,,7585,,7627,,7674,,7719,,7772,,7823,,7883,,7949,,8009,,8079,,8150,,8226,,8133,,7888,,7664,,7450,,7259,,7072,,6896,,6733,,6577,,6436,,6296,,6168,,6045,,5926,,5820,,5714,,5619,,5526,,5437,,5347,,5271,,5190,,5121,,5050,,4985,,4922,,4860,,4804,,4747,,4699,,4650,,4601,,4559,,4515,,4477,,4439,,4400,,4365,,4334,,4303,,4274,,4249,,4222,,4198,,4174,,4153,,4135,,4116,,4099,,4085,,4072,,4059,,4045,,4034,,4026,,4018,,4009,,4008,,4001,,3998,,3996,,3998,,3996,,3998,,4001,,4008,,4012,,4019,,4029,,4038,,4047,,4059,,4073,,4089,,4103,,4120,,4140,,4159,,4180,,4202,,4227,,4255,,

1067,,1073,,7340,,7393,,7452,,7513,,7580,,7650,,7720,,7797,,7874,,7960,,8048,,8141,,8235,,8345,,8450,,8561,,8640,,8455,,8286,,8125,,7972,,7828,,7688,,7559,,7437,,7320,,7201,,7098,,7001,,6900,,6808,,6723,,6635,,6561,,6482,,6411,,6343,,6278,,6215,,6159,,6103,,6045,,5999,,5952,,5902,,5861,,5823,,5783,,5748,,5711,,5682,,5653,,5623,,5599,,5576,,5553,,5533,,5513,,5500,,5482,,5471,,5458,,5450,,5440,,5432,,5431,,5424,,5427,,5424,,5428,,5429,,5437,,5441,,5450,,5460,,5471,,5486,,5501,,5519,,5538,,5558,,5581,,5604,,5632,,5657,,5687,,5719,,5755,,5790,,5831,,5871,,5915,,5962,,6008,,6061,,6114,,6170,,6233,,6293,,6332,,6159,,5998,,5844,,5700,,5566,,5436,,5320,,5203,,5099,,4999,,4901,,4813,,4726,,4643,,4566,,4494,,4421,,4355,,4289,,4230,,4174,,4117,,4067,,4019,,3971,,3924,,3882,,3843,,3804,,3768,,3732,,3701,,3667,,3636,,3609,,3582,,3557,,3532,,3508,,3489,,3468,,3451,,3432,,3419,,3401,,3388,,3373,,3363,,3355,,3342,,3334,,3327,,3320,,3315,,3312,,3306,,3306,,3305,,3304,,3304,,3304,,3310,,3312,,3319,,3323,,3331,,3338,,3346,,3353,,3366,,3376,,3389,,3404,,3420,,3436,,3457,,3476,,3495,,3516,,

7549,,7508,,7475,,7447,,7421,,7394,,7371,,7349,,7332,,7314,,7300,,7284,,7275,,7268,,7263,,7260,,7261,,7259,,7264,,7268,,7276,,7289,,7300,,7312,,7333,,7350,,7372,,7394,,7422,,7451,,7480,,7513,,7550,,7588,,7630,,7674,,7721,,7773,,7825,,7881,,7942,,8003,,8068,,7949,,7681,,7445,,7217,,7011,,6815,,6621,,6454,,6294,,6141,,5998,,5859,,5730,,5612,,5504,,5393,,5290,,5192,,5103,,5015,,4936,,4859,,4778,,4709,,4642,,4578,,4515,,4460,,4404,,4351,,4298,,4253,,4205,,4164,,4122,,4083,,4045,,4012,,3978,,3944,,3915,,3887,,3860,,3837,,3813,,3790,,3769,,3746,,3730,,3711,,3698,,3679,,3668,,3653,,3645,,3636,,3624,,3619,,3614,,3607,,3600,,3599,,3597,,3598,,3596,,3596,,3598,,3601,,3605,,3614,,3619,,3628,,3634,,3643,,3659,,3670,,3681,,3699,,3714,,3733,,3751,,3768,,3791,,3815,,3838,,3864,,3889,,3919,,3949,,3981,,4013,,4050,,4090,,4128,,4169,,4213,,4260,,4308,,4356,,4409,,4466,,4522,,4514,,4417,,4323,,4240,,4156,,4082,,4007,,3939,,3872,,3813,,3749,,3695,,3640,,3589,,3538,,3491,,3448,,3406,,3368,,3330,,3295,,3259,,3227,,3196,,3165,,3135,,3108,,3082,,3059,,3038,,3014,,2997,,2975,,2958,,2941,,2926,,

9885,,9697,,9520,,9351,,9195,,9043,,8899,,8762,,8637,,8509,,8394,,8281,,8174,,8076,,7979,,7885,,7797,,7714,,7633,,7558,,7488,,7421,,7355,,7293,,7239,,7181,,7131,,7081,,7032,,6989,,6951,,6910,,6872,,6840,,6811,,6780,,6755,,6729,,6706,,6687,,6666,,6654,,6640,,6629,,6615,,6609,,6605,,6600,,6596,,6599,,6598,,6605,,6609,,6619,,6631,,6639,,6655,,6674,,6689,,6709,,6736,,6758,,6787,,6819,,6846,,6709,,6347,,6014,,5720,,5449,,5214,,4984,,4792,,4603,,4435,,4281,,4140,,4005,,3880,,3766,,3661,,3557,,3465,,3376,,3293,,3214,,3141,,3072,,3004,,2945,,2889,,2828,,2780,,2729,,2682,,2637,,2594,,2553,,2513,,2480,,2444,,2411,,2378,,2350,,2323,,2291,,2269,,2244,,2218,,2200,,2176,,2155,,2139,,2118,,2101,,2084,,2067,,2057,,2039,,2030,,2016,,2006,,1995,,1981,,1974,,1963,,1958,,1948,,1940,,1937,,1933,,1927,,1923,,1918,,1913,,1910,,1909,,1907,,1909,,1908,,1909,,1909,,1909,,1911,,1916,,1920,,1923,,1927,,1930,,1938,,1943,,1953,,1959,,1967,,1975,,1985,,1997,,2007,,2019,,2029,,2043,,2059,,2073,,2087,,2107,,2123,,2140,,2161,,2181,,2201,,2224,,2247,,2274,,2299,,2326,,2357,,2386,,2419,,2451,,2486,,2526,,

9510,,9515,,9518,,9531,,9543,,9563,,9582,,9601,,9629,,9657,,9686,,9720,,9759,,9799,,9845,,9891,,9943,,9999,,10057,,10120,,10185,,10256,,10329,,10409,,10491,,10576,,10672,,10748,,10416,,10097,,9805,,9535,,9271,,9031,,8804,,8600,,8399,,8211,,8029,,7861,,7705,,7555,,7409,,7275,,7150,,7029,,6913,,6804,,6695,,6600,,6509,,6417,,6331,,6249,,6173,,6099,,6030,,5963,,5897,,5836,,5779,,5728,,5671,,5626,,5577,,5532,,5489,,5453,,5412,,5378,,5345,,5314,,5283,,5258,,5233,,5208,,5187,,5167,,5144,,5128,,5114,,5100,,5088,,5076,,5069,,5062,,5055,,5048,,5047,,5044,,5048,,5048,,5051,,5058,,5062,,5072,,5081,,5090,,4912,,4396,,3985,,3647,,3362,,3128,,2913,,2733,,2570,,2433,,2305,,2192,,2091,,2001,,1916,,1837,,1768,,1701,,1640,,1589,,1538,,1490,,1443,,1405,,1367,,1330,,1296,,1264,,1232,,1204,,1179,,1152,,1131,,1107,,1087,,1068,,1047,,1032,,1014,,994,,982,,964,,952,,938,,924,,911,,903,,893,,880,,869,,859,,852,,843,,837,,830,,822,,813,,805,,803,,795,,791,,784,,780,,773,,770,,765,,761,,756,,753,,749,,750,,748,,742,,741,,739,,736,,737,,734,,734,,735,,735,,735,,735,,

9527,,9525,,9534,,9542,,9553,,9571,,9588,,9606,,9631,,9656,,9689,,9720,,9757,,9793,,9839,,9884,,9931,,9985,,10041,,9627,,9166,,8758,,8385,,8060,,7748,,7464,,7204,,6951,,6732,,6524,,6328,,6145,,5979,,5817,,5671,,5536,,5401,,5279,,5162,,5050,,4946,,4849,,4756,,4668,,4587,,4503,,4431,,4357,,4290,,4222,,4165,,4104,,4048,,3994,,3945,,3898,,3848,,3805,,3763,,3726,,3691,,3652,,3620,,3588,,3556,,3529,,3498,,3473,,3448,,3428,,3405,,3384,,3361,,3344,,3329,,3310,,3295,,3282,,3269,,3259,,3249,,3238,,3232,,3224,,3220,,3215,,3206,,3206,,3203,,3201,,3204,,3203,,3205,,3207,,3207,,3213,,3218,,3223,,3235,,3242,,3252,,3261,,3271,,3189,,2956,,2773,,2597,,2451,,2322,,2199,,2096,,2000,,1913,,1837,,1764,,1698,,1634,,1579,,1526,,1478,,1433,,1390,,1355,,1319,,1283,,1251,,1221,,1192,,1164,,1140,,1114,,1094,,1072,,1051,,1035,,1015,,997,,982,,966,,952,,938,,924,,909,,896,,887,,877,,863,,857,,845,,838,,829,,820,,810,,804,,795,,788,,786,,778,,770,,769,,762,,757,,752,,747,,745,,741,,738,,735,,731,,728,,726,,724,,721,,720,,721,,720,,715,,718,,716,,715,,713,,

11036,,11192,,11355,,11539,,11726,,5928,,5861,,5969,,12571,,12557,,12371,,12185,,12014,,11852,,11692,,11547,,11401,,11268,,11142,,11019,,10900,,10786,,10682,,10582,,10489,,10398,,10315,,10228,,10152,,10081,,10013,,9946,,9884,,9830,,9775,,9724,,9677,,9631,,9593,,9555,,9523,,9491,,9466,,9439,,9415,,9400,,9380,,9370,,9359,,9350,,9344,,9344,,9347,,9348,,9354,,9366,,9376,,9391,,9410,,9433,,9455,,8828,,8029,,7357,,6794,,6315,,5883,,5534,,5203,,4923,,4671,,4441,,4239,,4056,,3888,,3733,,3591,,3458,,3340,,3227,,3127,,3034,,2945,,2858,,2780,,2710,,2641,,2579,,2517,,2461,,2407,,2353,,2308,,2260,,2217,,2176,,2141,,2101,,2067,,2034,,2000,,1974,,1944,,1914,,1890,,1867,,1842,,1822,,1798,,1778,,1759,,1742,,1727,,1708,,1692,,1680,,1664,,1652,,1638,,1626,,1612,,1606,,1595,,1583,,1575,,1565,,1558,,1553,,1545,,1539,,1533,,1526,,1523,,1519,,1514,,1509,,1507,,1507,,1505,,1501,,1500,,1504,,1500,,1503,,1501,,1505,,1503,,1506,,1510,,1515,,1519,,1519,,1526,,1530,,1534,,1542,,1547,,1557,,1562,,1570,,1583,,1589,,1598,,1611,,1621,,1632,,1648,,1659,,1671,,1690,,1703,,1718,,1737,,1730,,1680,,1633,,1597,,1553,,1519,,1482,,1452,,

2824,,2875,,2928,,2984,,3041,,3101,,3167,,3237,,3309,,3389,,3475,,3564,,3656,,3752,,3864,,3980,,4101,,4233,,4371,,4528,,4695,,4871,,5071,,5288,,5524,,5774,,6071,,6390,,6744,,7143,,7590,,7782,,7750,,7720,,7693,,7667,,7645,,7623,,7606,,7586,,7574,,7563,,7553,,7546,,7544,,7542,,7544,,7546,,7550,,7558,,7565,,7579,,7594,,7609,,7629,,7650,,7674,,7700,,7724,,7757,,7792,,7829,,7868,,7912,,7952,,8004,,8052,,8107,,8166,,8223,,8291,,8355,,8425,,8501,,8581,,8666,,8751,,8843,,8939,,9040,,9148,,9254,,9372,,9499,,9625,,9763,,9903,,10057,,10215,,4397,,4368,,4443,,4521,,11139,,11022,,10857,,10702,,10551,,10410,,10270,,10143,,10018,,9903,,9789,,9683,,9580,,9484,,9394,,9306,,9221,,9146,,9070,,9003,,8933,,8870,,8808,,8755,,8700,,8650,,8604,,8563,,8518,,8483,,8449,,8418,,8385,,8363,,8339,,8316,,8299,,8284,,8268,,8260,,8250,,8244,,8239,,8239,,8241,,8243,,8251,,8263,,8271,,8284,,8302,,8322,,8346,,8370,,8393,,8427,,8459,,8493,,8534,,8572,,8595,,8132,,7711,,7355,,7021,,6715,,6440,,6184,,5960,,5744,,5546,,5365,,5195,,5041,,4892,,4758,,4627,,4506,,4398,,4289,,4188,,4095,,4005,,3924,,3841,,3768,,3698,,3629,,

5237,,5347,,5470,,5594,,5730,,5874,,6030,,6193,,6364,,6553,,6747,,6965,,7066,,7007,,6943,,6888,,6837,,6786,,6740,,6695,,6654,,6613,,6573,,6540,,6506,,6476,,6449,,6419,,6395,,6376,,6355,,6336,,6322,,6309,,6295,,6285,,6276,,6273,,6270,,6263,,6267,,6266,,6269,,6277,,6282,,6292,,6303,,6314,,6329,,6347,,6367,,6389,,6412,,6434,,6461,,6490,,6521,,6555,,6592,,6631,,6674,,6718,,6764,,6814,,6867,,6920,,6979,,7038,,7103,,7170,,7244,,7318,,7392,,7479,,7566,,7654,,7749,,7853,,7958,,8068,,8182,,2572,,2520,,2527,,2566,,2608,,2654,,2677,,9298,,9152,,9018,,8887,,8768,,8652,,8542,,8437,,8338,,8241,,8151,,8062,,7981,,7905,,7829,,7760,,7691,,7629,,7566,,7510,,7458,,7404,,7357,,7311,,7269,,7228,,7190,,7158,,7122,,7096,,7068,,7041,,7020,,7000,,6977,,6961,,6949,,6937,,6929,,6919,,6913,,6911,,6908,,6906,,6909,,6918,,6922,,6934,,6944,,6955,,6970,,6989,,7010,,7028,,7054,,7079,,7110,,7141,,7176,,7211,,7249,,7291,,7338,,7383,,7431,,7485,,7539,,7599,,7661,,7726,,7798,,7867,,7683,,7452,,7241,,7044,,6858,,6683,,6519,,6366,,6226,,6087,,5959,,5836,,5717,,5614,,5508,,5413,,5314,,5229,,5144,,5069,,4992,,

5339,,5324,,5310,,5295,,5280,,5269,,5263,,5257,,5252,,5246,,5246,,5244,,5246,,5244,,5249,,5254,,5261,,5271,,5283,,5294,,5309,,5324,,951,,869,,846,,846,,853,,857,,862,,863,,868,,877,,881,,887,,892,,899,,909,,914,,923,,932,,918,,948,,1007,,1086,,1171,,6307,,6383,,6460,,6545,,6631,,6727,,6822,,6922,,7028,,7140,,7256,,7378,,7514,,7419,,7297,,7183,,7080,,6978,,6881,,6788,,6700,,6616,,6537,,6464,,6388,,6322,,6256,,6194,,6134,,6082,,6028,,5976,,5931,,5884,,5840,,5799,,5763,,5725,,5694,,5661,,5630,,5599,,5575,,5551,,5531,,5511,,5489,,5475,,5459,,5447,,5432,,5423,,5417,,5411,,5403,,5399,,5398,,5401,,5402,,5402,,5410,,5418,,5424,,5436,,5445,,5457,,5471,,5489,,5508,,5528,,5552,,5573,,5601,,5629,,5658,,5691,,5725,,5758,,5797,,5838,,5879,,5927,,5972,,6026,,6079,,6132,,6195,,6256,,6321,,6390,,6459,,6537,,6613,,6698,,6785,,6879,,6971,,7073,,7181,,7166,,7028,,6904,,6783,,6669,,6566,,6461,,6364,,6270,,6180,,6094,,6018,,5942,,5868,,5799,,5730,,5670,,5608,,5556,,5501,,5448,,5397,,5354,,5306,,5265,,5226,,5192,,5154,,5121,,5090,,5062,,5034,,5007,,4984,,4964,,4944,,4924,,

5076,,5061,,5047,,5036,,5025,,5015,,5008,,4999,,4995,,4989,,4989,,4986,,4986,,4990,,4995,,4997,,5005,,5014,,5022,,5036,,5046,,5062,,5076,,5094,,5116,,5134,,5158,,5185,,5209,,5238,,5268,,5304,,5335,,5374,,5413,,5452,,5494,,5541,,5586,,5639,,5691,,5745,,5803,,5869,,5929,,5998,,6072,,6145,,6228,,6305,,6397,,6367,,6243,,6120,,6000,,5893,,5785,,5688,,5596,,5505,,5425,,5341,,5262,,5192,,5119,,5057,,4991,,4930,,4875,,4824,,4769,,4721,,4675,,4630,,4587,,4547,,4510,,4472,,4436,,4407,,4374,,4349,,4319,,4293,,4267,,4247,,4229,,4205,,4189,,4172,,4157,,4144,,4132,,4118,,4108,,4098,,4093,,4088,,4080,,4080,,4077,,4076,,4074,,4075,,4078,,4080,,4084,,4093,,4102,,4110,,4116,,4131,,4140,,4158,,4171,,4188,,4205,,4225,,4246,,4270,,4292,,4316,,4344,,4374,,4405,,4437,,4471,,4508,,4547,,4587,,4627,,4674,,4721,,4767,,4818,,4871,,4931,,4992,,5055,,5121,,5189,,5260,,5337,,5417,,5503,,5592,,5688,,5784,,5889,,6000,,6110,,6237,,6366,,6500,,6423,,6341,,6255,,6180,,6106,,6037,,5972,,5906,,5846,,5791,,5737,,5684,,5638,,5594,,5548,,5508,,5466,,5432,,5393,,5362,,5331,,5303,,5273,,5251,,5225,,5204,,5188,,

8756,,8835,,8921,,8970,,8713,,8462,,8235,,8012,,7814,,7618,,7441,,7273,,7113,,6965,,6818,,6685,,6559,,6438,,6324,,6214,,6112,,6015,,5920,,5833,,5750,,5667,,5591,,5517,,5448,,5382,,5323,,5260,,5204,,5147,,5099,,5047,,5003,,4957,,4917,,4879,,4838,,4804,,4767,,4738,,4708,,4680,,4654,,4627,,4602,,4581,,4565,,4544,,4526,,4513,,4495,,4487,,4472,,4465,,4457,,4451,,4444,,4438,,4433,,4433,,4433,,4432,,4439,,4439,,4446,,4452,,4459,,4467,,4482,,4494,,4504,,4520,,4537,,4555,,4574,,4595,,4615,,4641,,4665,,4693,,4723,,4753,,4785,,4822,,4857,,4899,,4938,,4981,,5024,,4955,,4804,,4664,,4533,,4412,,4301,,4189,,4094,,3996,,3910,,3824,,3744,,3671,,3599,,3532,,3468,,3404,,3349,,3292,,3242,,3191,,3148,,3099,,3056,,3016,,2978,,2941,,2907,,2874,,2845,,2813,,2784,,2756,,2729,,2705,,2683,,2660,,2640,,2616,,2599,,2585,,2564,,2549,,2536,,2520,,2510,,2496,,2486,,2472,,2466,,2457,,2448,,2442,,2434,,2426,,2422,,2420,,2416,,2412,,2412,,2408,,2411,,2408,,2411,,2410,,2413,,2419,,2422,,2425,,2432,,2435,,2445,,2451,,2461,,2470,,2480,,2489,,2502,,2514,,2526,,2544,,2558,,2573,,2590,,2609,,2627,,2652,,2674,,

6417,,6578,,6761,,6954,,7056,,6990,,6922,,6856,,6795,,6740,,6686,,6637,,6590,,6539,,6497,,6455,,6417,,6382,,6347,,6318,,6287,,6263,,6237,,6214,,6194,,6174,,6157,,6141,,6128,,6119,,6108,,6101,,6095,,6091,,6091,,6092,,6095,,6096,,6100,,6108,,6120,,6130,,6143,,6158,,6177,,6196,,6215,,6236,,6263,,6291,,6316,,6351,,6384,,6418,,6459,,6498,,6539,,6586,,6637,,6685,,6739,,6798,,6858,,6919,,6987,,7055,,7133,,7210,,7292,,7374,,7466,,7555,,7657,,7762,,7868,,7983,,8105,,8231,,8367,,8508,,8650,,8803,,8966,,8882,,8744,,8620,,8498,,8384,,8274,,8166,,8071,,7974,,7884,,7799,,7715,,7636,,7565,,7493,,7427,,7363,,7300,,7246,,7189,,7138,,7090,,7047,,1380,,1327,,1300,,1253,,1203,,1178,,1177,,1188,,1208,,1223,,1229,,6689,,6671,,6661,,6651,,6641,,6633,,6631,,6627,,6624,,6626,,6630,,6634,,6639,,6651,,6662,,6676,,6687,,6706,,6725,,6745,,6773,,6797,,6823,,6854,,6887,,6927,,6961,,7000,,7043,,7090,,7138,,7192,,7242,,7298,,7361,,7423,,7492,,7561,,7635,,7716,,7524,,7319,,7130,,6950,,6784,,6623,,6477,,6335,,6204,,6079,,5954,,5841,,5737,,5637,,5538,,5449,,5360,,5276,,5200,,5130,,5057,,4988,,4922,,4864,,

6068,,5999,,5934,,5874,,5816,,5764,,5711,,5658,,5611,,5566,,5526,,5485,,5445,,5407,,5376,,5342,,5316,,5287,,5259,,5236,,5211,,5195,,5172,,5156,,5143,,5128,,5116,,5105,,5093,,5085,,5078,,5078,,5073,,5073,,5070,,5075,,5074,,5078,,5085,,5092,,5102,,5117,,5126,,5140,,5157,,5174,,5194,,5214,,5238,,5259,,5288,,5315,,5347,,5376,,5408,,5446,,5484,,5524,,5566,,5613,,5659,,5709,,5761,,5816,,5876,,5939,,6003,,6068,,6139,,6213,,6291,,6375,,6461,,6555,,6648,,6746,,6851,,6964,,7081,,7204,,7099,,6988,,6880,,6769,,6675,,6579,,6494,,6404,,6326,,6247,,6173,,6102,,6039,,5974,,5912,,5859,,5801,,5750,,5700,,5656,,5611,,5566,,5528,,5491,,5456,,5421,,5389,,5361,,5333,,5307,,5284,,5264,,5243,,5226,,5209,,5195,,5179,,5170,,5160,,5151,,5143,,5135,,5135,,5132,,5130,,5130,,5135,,5135,,5140,,5148,,5157,,5166,,5179,,5195,,5208,,5226,,5240,,5266,,5284,,5307,,5336,,5361,,5391,,5421,,5456,,5490,,5528,,5569,,5610,,5652,,5701,,5753,,5801,,5856,,5915,,5974,,6039,,6104,,6174,,6250,,6325,,6404,,6495,,6584,,6674,,6774,,6879,,6984,,7103,,7086,,6963,,6850,,6742,,6638,,6539,,6443,,6353,,6269,,6187,,6112,,6040,,

4143,,4154,,4163,,4172,,4184,,4196,,4210,,4223,,4241,,4257,,4280,,4297,,4323,,4348,,4370,,4396,,4425,,4459,,4487,,4525,,4561,,4598,,4638,,4679,,4726,,4770,,4824,,4874,,4930,,4988,,5044,,5109,,5172,,5244,,5316,,5395,,5474,,5562,,5650,,5746,,5839,,5950,,6053,,6140,,6041,,5955,,5874,,5794,,5715,,5638,,5576,,5505,,5446,,5381,,5328,,5273,,5222,,5174,,5126,,5079,,5037,,5001,,4960,,4926,,4893,,4858,,4832,,4804,,4773,,4750,,4726,,4707,,4688,,4667,,4650,,4639,,4624,,4609,,4600,,4593,,4583,,4576,,4569,,4567,,4564,,4566,,4567,,4566,,4567,,4577,,4582,,4588,,4598,,4605,,4618,,4629,,4644,,4662,,4681,,4699,,4718,,4742,,4767,,4788,,4820,,4849,,4881,,4913,,4945,,4981,,5022,,5065,,5108,,5154,,5200,,5251,,5305,,5362,,5417,,5480,,5549,,5611,,5687,,5760,,5838,,5923,,6007,,6102,,6199,,6298,,6405,,6519,,6639,,6763,,6890,,7031,,7177,,7331,,7499,,7604,,7510,,7416,,7331,,7248,,7168,,7094,,7026,,6960,,6892,,6833,,6776,,6718,,6669,,6620,,6572,,6531,,6485,,6447,,1332,,1056,,927,,922,,916,,912,,909,,907,,905,,964,,1085,,1158,,6142,,6132,,6125,,6119,,6115,,6110,,6112,,6111,,6115,,6121,,6127,,

4786,,4811,,4843,,4876,,4905,,4945,,4982,,5019,,5065,,5110,,5155,,5206,,5259,,5313,,5367,,5428,,5490,,5555,,5480,,5354,,5232,,5124,,5016,,4913,,4819,,4733,,4645,,4562,,4489,,4416,,4348,,4277,,4215,,4156,,4097,,4049,,3996,,3943,,3900,,3856,,3812,,3771,,3732,,3697,,3662,,3628,,3599,,3570,,3540,,3514,,3486,,3466,,3442,,3420,,3402,,3382,,3367,,3348,,3333,,3322,,3309,,3295,,3283,,3274,,3264,,3258,,3253,,3249,,3241,,3238,,3235,,3237,,3233,,3236,,3234,,3237,,3242,,3245,,3252,,3256,,3265,,3274,,3283,,3295,,3304,,3317,,3331,,3345,,3362,,3377,,3398,,3417,,3435,,3461,,3484,,3507,,3534,,3559,,3591,,3620,,3652,,3689,,3721,,3763,,3801,,3843,,3887,,3933,,3982,,4033,,4086,,4140,,4199,,4265,,4330,,4398,,4470,,4543,,4624,,4710,,4798,,4889,,4994,,5096,,5207,,5323,,5448,,5579,,5721,,5872,,6025,,6198,,6375,,6541,,6480,,6421,,6364,,6312,,6257,,6209,,6165,,6123,,6082,,6042,,6008,,5972,,5941,,5914,,5884,,5858,,5834,,5816,,5794,,5778,,5761,,5746,,5734,,5723,,5716,,5710,,5703,,5698,,5698,,5697,,5696,,5699,,5705,,5712,,5719,,5733,,5741,,5757,,5773,,5791,,5810,,5828,,5855,,5879,,5906,,5936,,5968,,

2434,,2411,,2382,,2361,,2340,,2317,,2297,,2278,,2258,,2243,,2227,,2210,,2196,,2183,,2170,,2160,,2149,,2136,,2129,,2119,,2109,,2102,,2096,,2088,,2085,,2079,,2077,,2072,,2070,,2063,,2065,,2064,,2062,,2062,,2064,,2062,,2064,,2067,,2073,,2075,,2079,,2088,,2092,,2098,,2107,,2114,,2120,,2130,,2141,,2150,,2164,,2175,,2191,,2202,,2215,,2235,,2250,,2267,,2286,,2307,,2325,,2345,,2368,,2393,,2417,,2443,,2474,,2502,,2532,,2563,,2599,,2634,,2673,,2709,,2754,,2792,,2841,,2890,,2940,,2992,,3049,,3107,,3168,,3236,,3308,,3383,,3456,,3542,,3629,,3726,,3823,,3935,,4049,,4172,,4298,,4439,,4599,,4763,,4938,,5139,,5348,,5561,,5521,,5489,,5453,,5424,,5397,,5365,,5341,,5317,,5295,,5275,,5260,,5241,,5229,,5215,,5203,,5192,,5182,,5180,,5172,,5170,,5165,,5165,,5168,,5168,,5176,,5181,,5186,,5198,,5204,,5219,,5231,,5249,,5267,,5285,,5303,,5328,,5350,,5379,,5405,,5437,,5465,,5503,,5537,,5574,,5615,,5658,,5704,,5751,,5801,,5851,,5911,,5970,,6030,,6093,,6162,,6232,,6309,,6385,,6468,,6553,,6647,,6742,,6841,,6949,,7055,,7180,,7302,,7429,,7568,,7707,,7863,,8025,,8192,,8376,,8560,,8767,,8983,,9214,,9448,,

4644,,4609,,4570,,4539,,4506,,4475,,4447,,4421,,4393,,4369,,4350,,4326,,4311,,4292,,4274,,4260,,4244,,4236,,4223,,4214,,4205,,4200,,4194,,4187,,4184,,4182,,4186,,4182,,4187,,4189,,4192,,4200,,4205,,4215,,4227,,4237,,4250,,4260,,4280,,4293,,4312,,4333,,4353,,4378,,4400,,4423,,4450,,4483,,4509,,4544,,4582,,4617,,4654,,4693,,4734,,4780,,4825,,4877,,4927,,4986,,5044,,5102,,5166,,5228,,5301,,5375,,5453,,5532,,5617,,5709,,5801,,5902,,6004,,6119,,6229,,6359,,6489,,6623,,6767,,6926,,7082,,7257,,7442,,7641,,7845,,8069,,8022,,7941,,7867,,7800,,7732,,7663,,7602,,7549,,7493,,7436,,7389,,7345,,7302,,7260,,7224,,7189,,7156,,7124,,7098,,7069,,7044,,7024,,7007,,6988,,6977,,6965,,6954,,6943,,6936,,6934,,6934,,6933,,6937,,6940,,6945,,6954,,6964,,6979,,6993,,7010,,7027,,7051,,7073,,7101,,7129,,7163,,7191,,7227,,7269,,7311,,7353,,7399,,7450,,7500,,7556,,7617,,7675,,7742,,1248,,1242,,1232,,1222,,1220,,1247,,1261,,1298,,1340,,1382,,1398,,1445,,1490,,1536,,1563,,8988,,8817,,8665,,8514,,8372,,8236,,8106,,7984,,7867,,7757,,7652,,7553,,7455,,7366,,7281,,7198,,7121,,7046,,6974,,6910,,6841,,6780,,

3978,,4012,,4046,,4084,,4123,,4167,,4208,,4255,,4303,,4358,,4411,,4467,,4523,,4587,,4649,,4719,,4796,,4866,,4946,,5034,,5122,,5211,,5312,,5413,,5525,,5640,,5763,,5893,,6029,,6178,,6332,,6279,,6210,,6143,,6077,,6018,,5962,,5901,,5853,,5801,,5754,,5712,,5667,,5628,,5593,,5558,,5525,,5492,,5465,,5437,,5413,,5386,,5365,,5343,,5328,,5310,,5295,,5283,,5271,,5262,,5254,,5246,,5239,,5239,,5235,,5234,,5240,,5242,,5247,,5251,,5256,,5266,,5278,,5289,,5306,,5320,,5341,,5357,,5379,,5404,,5427,,5453,,5482,,5514,,5544,,5577,,5614,,5656,,5695,,5740,,5785,,5837,,5884,,5938,,5996,,6054,,6118,,6185,,6253,,6324,,6404,,6484,,6569,,6655,,6749,,6848,,6950,,7058,,7169,,7288,,7412,,7543,,7685,,7834,,7991,,8154,,8327,,8443,,8334,,8225,,8126,,8028,,7934,,7848,,7764,,7686,,7611,,7537,,7469,,7405,,7345,,7288,,7233,,7184,,7129,,7085,,7041,,7001,,6961,,6925,,6895,,6864,,6831,,6805,,6784,,6759,,6742,,6720,,6709,,6695,,6684,,6675,,6663,,6659,,6658,,6657,,6658,,6656,,6665,,6668,,6679,,6691,,6701,,6719,,6735,,6756,,6773,,6800,,6823,,6853,,1587,,1415,,1402,,1389,,1380,,1376,,1366,,1349,,1339,,1326,,1316,,

5369,,5380,,5392,,5409,,5424,,5445,,5465,,5486,,5513,,5535,,5566,,5594,,5625,,5658,,5695,,5734,,5777,,5818,,5860,,5911,,5959,,6013,,6070,,6130,,6191,,6258,,6322,,6396,,6473,,6551,,6631,,6717,,6810,,6909,,7008,,7117,,7228,,7347,,7471,,7602,,7696,,7571,,7454,,7342,,7239,,7133,,7041,,6951,,6859,,6780,,6699,,6621,,6550,,6483,,6421,,6358,,6299,,6242,,6187,,6141,,6091,,6047,,6002,,5960,,5922,,5889,,5857,,5825,,5793,,5765,,5742,,5718,,5698,,5676,,5659,,5642,,5628,,5619,,5607,,5600,,5588,,5583,,5581,,5580,,5577,,5581,,5583,,5588,,5593,,5600,,5612,,5620,,5635,,5650,,5665,,5685,,5707,,5730,,5752,,5780,,5807,,5835,,5870,,5902,,5939,,5977,,6022,,6061,,6107,,6156,,6210,,6262,,6319,,634,,615,,595,,582,,563,,547,,538,,525,,512,,498,,487,,477,,468,,460,,451,,413,,405,,400,,406,,415,,406,,402,,408,,414,,410,,405,,415,,420,,415,,409,,424,,423,,421,,420,,438,,433,,428,,435,,441,,439,,439,,457,,452,,451,,469,,464,,464,,482,,482,,479,,508,,4805,,4787,,4776,,4764,,4755,,4747,,4741,,4737,,4733,,4728,,4730,,4726,,4727,,4731,,4739,,4742,,4751,,

5348,,5354,,5355,,5362,,5366,,5378,,5385,,5398,,5410,,5427,,5443,,5462,,5485,,5503,,5526,,5557,,5581,,5613,,5644,,5679,,5715,,5750,,5792,,5837,,5881,,5930,,5983,,6031,,6093,,6148,,6212,,6273,,6343,,6416,,6490,,6568,,6654,,6727,,6581,,6442,,6308,,6181,,6063,,5951,,5849,,5742,,5648,,5559,,5474,,5386,,5312,,5237,,5168,,5098,,5032,,4976,,4915,,4861,,4806,,4760,,4712,,4665,,4621,,4580,,4543,,4502,,4471,,4437,,4405,,4374,,4348,,4320,,4295,,4271,,4250,,4232,,4212,,4194,,4180,,4167,,4150,,4142,,4131,,4122,,4111,,4109,,4099,,4095,,4093,,4094,,4090,,4094,,4097,,4100,,4103,,4109,,4116,,4124,,4136,,4144,,4159,,4172,,4185,,4200,,4221,,4237,,4258,,4279,,4305,,4330,,4357,,4385,,4418,,4449,,4483,,4518,,4552,,4594,,4634,,4682,,4726,,4777,,4827,,4880,,4935,,4994,,5058,,5123,,5190,,5261,,5339,,5420,,5499,,5592,,5681,,5782,,5883,,5990,,6107,,6225,,6154,,6069,,5984,,5904,,5827,,5759,,5691,,5623,,5559,,5499,,5443,,5389,,5341,,5293,,5247,,5203,,5161,,5123,,5088,,5052,,5016,,4986,,4955,,4927,,4905,,4882,,4860,,4835,,4817,,4804,,4786,,4772,,4757,,4746,,4736,,4728,,4723,,4715,,4712,,4713,,4708,,

5487,,5507,,5527,,5550,,5581,,5606,,5637,,5668,,5703,,5738,,5779,,5820,,5860,,5909,,5957,,5842,,5653,,5468,,5301,,5148,,5003,,4866,,4733,,4614,,4502,,4396,,4294,,4202,,4111,,4028,,3950,,3874,,3803,,3735,,3668,,3606,,3549,,3496,,3443,,3395,,3348,,3301,,3260,,3218,,3178,,3141,,3106,,3071,,3040,,3011,,2979,,2954,,2925,,2903,,2881,,2857,,2837,,2813,,2796,,2781,,2763,,2746,,2731,,2719,,2703,,2694,,2682,,2673,,2664,,2656,,2648,,2641,,2635,,2630,,2625,,2621,,2618,,2616,,2617,,2616,,2616,,2621,,2620,,2627,,2629,,2633,,2636,,2646,,2652,,2660,,2670,,2679,,2687,,2699,,2712,,2725,,2741,,2754,,2768,,2786,,2804,,2824,,2848,,2869,,2891,,2915,,2939,,2966,,2993,,3026,,3057,,3087,,3124,,3160,,3195,,3238,,3279,,3323,,3370,,3416,,3470,,3524,,3576,,3640,,3703,,3769,,3840,,3911,,3989,,4071,,4158,,4251,,4344,,4449,,4556,,4675,,4798,,4933,,5075,,5224,,5362,,5315,,5265,,5223,,5179,,5137,,5095,,5058,,5027,,4993,,4964,,4935,,4908,,4879,,4855,,4836,,4814,,4797,,4779,,4763,,4751,,4735,,4726,,4716,,4706,,4703,,4693,,4692,,4689,,4690,,4690,,4689,,4692,,4699,,4705,,4710,,4720,,4732,,4745,,4757,,4770,,

3251,,3296,,3342,,3386,,3436,,3492,,3543,,3605,,3662,,3726,,3795,,3870,,3943,,4021,,4108,,4195,,4292,,4395,,4497,,4612,,4731,,4859,,4998,,5145,,5302,,5329,,5284,,5236,,5190,,5150,,5109,,5074,,5038,,5004,,4973,,4943,,4917,,4887,,4862,,4842,,4822,,4803,,4784,,4769,,4752,,4739,,4727,,4717,,4711,,4701,,4698,,4692,,4689,,4684,,4688,,4689,,4691,,4692,,4699,,4705,,4716,,4725,,4734,,4746,,4761,,4779,,4793,,4817,,4835,,4858,,4879,,4908,,4934,,4962,,4993,,5027,,5062,,5097,,5137,,5181,,5220,,5268,,5314,,5369,,5421,,5479,,5538,,5598,,5664,,5735,,5802,,5876,,5957,,6043,,6130,,6225,,6318,,6420,,6528,,6638,,6755,,6888,,7018,,7152,,7300,,7455,,7624,,7799,,7980,,8183,,8390,,8611,,8851,,8901,,8809,,8727,,8640,,8563,,8488,,8418,,8356,,8289,,8230,,8176,,8121,,8073,,8025,,7980,,7940,,7901,,7865,,7834,,7801,,7774,,2734,,2443,,2434,,2427,,2499,,7661,,7651,,7640,,7636,,7633,,7631,,7633,,7637,,7639,,7646,,7657,,7669,,7685,,7700,,7720,,7742,,7768,,7795,,7822,,7860,,7894,,7929,,7969,,8014,,8059,,8109,,8162,,8213,,8273,,8332,,8401,,8467,,8539,,8620,,8699,,8786,,8872,,8965,,9064,,9171,,9280,,9221,,
