2.47033e-323,2.47033e-323,1.12368e-318
6.43817e-317,6.43817e-317,4.94066e-324
6.43817e-317,6.43817e-317,4.94066e-324
6.43817e-317,6.43817e-317,4.94066e-324
2.47033e-323,2.47033e-323,1.12368e-318
2.47033e-323,2.47033e-323,1.12368e-318
6.43817e-317,6.43817e-317,4.94066e-324
2.47033e-323,2.47033e-323,1.12368e-318
2.47033e-323,2.47033e-323,1.12368e-318
6.43817e-317,6.43817e-317,4.94066e-324
2.47033e-323,2.47033e-323,1.12368e-318
2.47033e-323,2.47033e-323,1.12368e-318
2.47033e-323,2.47033e-323,1.12368e-318
6.43817e-317,6.43817e-317,4.94066e-324
6.43817e-317,6.43817e-317,4.94066e-324
2.47033e-323,2.47033e-323,1.12368e-318
6.43817e-317,6.43817e-317,4.94066e-324
6.43817e-317,6.43817e-317,4.94066e-324
2.47033e-323,2.47033e-323,1.12368e-318
6.43817e-317,6.43817e-317,4.94066e-324
6.43817e-317,6.43817e-317,4.94066e-324
2.47033e-323,2.47033e-323,1.12368e-318
2.47033e-323,2.47033e-323,1.12368e-318
6.43817e-317,6.43817e-317,4.94066e-324
6.43817e-317,6.43817e-317,4.94066e-324
2.47033e-323,2.47033e-323,1.12368e-318
2.47033e-323,2.47033e-323,1.12368e-318
6.43817e-317,6.43817e-317,4.94066e-324
6.43817e-317,6.43817e-317,4.94066e-324
6.43817e-317,6.43817e-317,4.94066e-324
6.43817e-317,6.43817e-317,4.94066e-324
2.47033e-323,2.47033e-323,1.12368e-318
2.47033e-323,2.47033e-323,1.12368e-318
