Inicio leitura (formato: numLeitura541, angulo, distanciaLaser, X laser, Y laser, X roboGlobal, Y roboGlobal)

657,,657,,657,,657,,658,,655,,658,,657,,663,,664,,666,,669,,671,,670,,676,,678,,680,,686,,685,,692,,698,,701,,704,,709,,717,,723,,730,,731,,741,,749,,753,,762,,773,,781,,786,,799,,805,,820,,827,,838,,850,,866,,878,,894,,908,,924,,937,,956,,974,,991,,1015,,1033,,1058,,1079,,1106,,1131,,1137,,1126,,1114,,1099,,1089,,1075,,1068,,1056,,1048,,1041,,1031,,1022,,1017,,1008,,1003,,998,,997,,1987,,2106,,2237,,2387,,2424,,2415,,2407,,2400,,2393,,2385,,2378,,3884,,3876,,3870,,3865,,3865,,3861,,3860,,3860,,3860,,3862,,3949,,3949,,3960,,3965,,3975,,3983,,3993,,4005,,4020,,4034,,4050,,4070,,3984,,4001,,4026,,4047,,4070,,5162,,5197,,5235,,5272,,5312,,5356,,5402,,5446,,5500,,5553,,5538,,5593,,5658,,5717,,5788,,5855,,5930,,6010,,6086,,6174,,6265,,6360,,6372,,6252,,6142,,6136,,6246,,6362,,6482,,6614,,6589,,1188,,1172,,1155,,1139,,1125,,1115,,1102,,1090,,658,,649,,646,,638,,631,,629,,621,,616,,614,,611,,606,,599,,594,,594,,589,,589,,582,,580,,581,,578,,573,,572,,574,,570,,568,,569,,568,,565,,563,,566,,565,,

654,,656,,653,,657,,658,,657,,659,,660,,662,,665,,667,,664,,670,,671,,672,,677,,682,,683,,687,,691,,697,,701,,704,,710,,714,,723,,727,,733,,740,,746,,757,,760,,771,,780,,788,,795,,805,,818,,830,,838,,851,,867,,879,,889,,905,,923,,939,,958,,972,,992,,1014,,1032,,1056,,1079,,1107,,1131,,1160,,1194,,1224,,1257,,1296,,1333,,1336,,1321,,1310,,1297,,1288,,1277,,1267,,1258,,1254,,1246,,1236,,1228,,1225,,1218,,1263,,2561,,2656,,2647,,2638,,2630,,2621,,2618,,2617,,4110,,4104,,4101,,4098,,4094,,4092,,4094,,4096,,4096,,4180,,4187,,4191,,4198,,4208,,4220,,4229,,4243,,4259,,4275,,4291,,4207,,4224,,4247,,4267,,4291,,5376,,5412,,5446,,5487,,5527,,5568,,5613,,5663,,5712,,5696,,5751,,5810,,5869,,5933,,6000,,6072,,6143,,6222,,6303,,6389,,6478,,6571,,6498,,6369,,1352,,1323,,795,,781,,769,,756,,745,,736,,724,,713,,704,,695,,686,,679,,672,,666,,660,,649,,642,,638,,632,,628,,620,,617,,611,,610,,605,,600,,595,,593,,590,,586,,584,,583,,580,,579,,573,,574,,570,,572,,570,,568,,568,,565,,563,,566,,563,,

656,,655,,657,,655,,655,,655,,657,,661,,663,,664,,667,,666,,670,,674,,672,,679,,680,,685,,687,,690,,696,,700,,704,,709,,715,,722,,725,,731,,740,,745,,754,,761,,771,,781,,786,,796,,805,,818,,830,,839,,853,,864,,876,,893,,906,,921,,940,,956,,974,,991,,1013,,1035,,1055,,1082,,1104,,1130,,1160,,1194,,1227,,1258,,1297,,1336,,1377,,1426,,1476,,1531,,1586,,1650,,1720,,1795,,1881,,1973,,2079,,2189,,2320,,2464,,2629,,2822,,3040,,3256,,3246,,3234,,3227,,3220,,3211,,4629,,4626,,6119,,6115,,6114,,6108,,6110,,6111,,6194,,6202,,6209,,6219,,6227,,6241,,6259,,6275,,6195,,6213,,2626,,2432,,2271,,2123,,2000,,1889,,1792,,1701,,1624,,1548,,1481,,1421,,1369,,1319,,1274,,1229,,1192,,1151,,1117,,1084,,1058,,1026,,1004,,979,,952,,934,,910,,890,,873,,854,,840,,822,,807,,795,,783,,767,,755,,744,,735,,726,,714,,703,,696,,687,,680,,674,,663,,658,,651,,644,,640,,633,,628,,624,,619,,611,,608,,606,,599,,597,,594,,589,,589,,582,,579,,578,,579,,575,,574,,569,,568,,569,,566,,566,,566,,564,,565,,562,,

657,,654,,655,,657,,658,,655,,658,,662,,662,,662,,667,,667,,670,,673,,676,,678,,679,,684,,686,,690,,695,,702,,706,,710,,718,,721,,729,,733,,738,,747,,753,,764,,769,,781,,788,,796,,806,,819,,831,,839,,854,,865,,878,,891,,905,,922,,940,,956,,974,,993,,1013,,1034,,1059,,1082,,1106,,1133,,1163,,1190,,1224,,1261,,1296,,1334,,1381,,1425,,1475,,1527,,1587,,1648,,1721,,1798,,1884,,1970,,2077,,2187,,2314,,2468,,2628,,2824,,3041,,3305,,3609,,3980,,4457,,5038,,5726,,5720,,5708,,5704,,7119,,8613,,8613,,8610,,8696,,8700,,8708,,8719,,8732,,5009,,4359,,3845,,3444,,3120,,2849,,2627,,2433,,2270,,2124,,1995,,1889,,1787,,1701,,1620,,1549,,1482,,1424,,1367,,1317,,1272,,1229,,1187,,1153,,1117,,1089,,1058,,1027,,1002,,978,,954,,932,,910,,894,,872,,857,,837,,824,,811,,793,,781,,770,,757,,748,,735,,723,,712,,705,,698,,688,,680,,672,,665,,659,,649,,645,,640,,632,,627,,621,,620,,614,,607,,603,,601,,595,,592,,592,,589,,583,,581,,578,,576,,573,,576,,571,,572,,571,,567,,565,,565,,564,,563,,564,,

1144,,1171,,1203,,1238,,1271,,1309,,1352,,1396,,1440,,1492,,1552,,1611,,1674,,1745,,1827,,1913,,2009,,2113,,2234,,2364,,2523,,2694,,2900,,3134,,3409,,3738,,4139,,4649,,5311,,5923,,5913,,5904,,5899,,8815,,8813,,8809,,8807,,8895,,8900,,8907,,8919,,8936,,4754,,4160,,3687,,3309,,3018,,2766,,2549,,2374,,2218,,2076,,1954,,1852,,1758,,1671,,1598,,1526,,1459,,1401,,1351,,1302,,1258,,1216,,1175,,1142,,1105,,1073,,1044,,1020,,995,,967,,945,,925,,904,,883,,868,,851,,832,,818,,802,,791,,776,,764,,751,,741,,730,,722,,710,,700,,692,,682,,675,,668,,661,,656,,646,,643,,639,,632,,623,,618,,617,,613,,606,,604,,598,,596,,592,,589,,587,,581,,580,,576,,577,,574,,571,,569,,569,,570,,569,,566,,565,,566,,567,,565,,564,,564,,565,,564,,565,,568,,566,,568,,572,,570,,575,,578,,577,,582,,584,,587,,586,,590,,595,,599,,600,,605,,609,,616,,620,,625,,629,,634,,639,,644,,653,,659,,665,,673,,680,,691,,698,,709,,717,,728,,737,,749,,763,,773,,789,,802,,813,,828,,847,,864,,879,,897,,918,,942,,964,,

738,,746,,761,,774,,786,,795,,809,,827,,841,,861,,877,,894,,915,,939,,960,,983,,1005,,1036,,1061,,1091,,1124,,1116,,2514,,2506,,2484,,2464,,2442,,2426,,2407,,2392,,2378,,2362,,2346,,2337,,2322,,2382,,2538,,2597,,2587,,2582,,2572,,2562,,2559,,2550,,2548,,2544,,2535,,2536,,2535,,1551,,1551,,1550,,1551,,1553,,1551,,1557,,1560,,1560,,1565,,1569,,1571,,1577,,1582,,1589,,1596,,1602,,1608,,1616,,1627,,1634,,1644,,1655,,1665,,1680,,1636,,1574,,1516,,1466,,1417,,1371,,1328,,1291,,1250,,1216,,1186,,1155,,1126,,1102,,1074,,1054,,1032,,1010,,990,,969,,952,,937,,916,,903,,890,,876,,864,,847,,838,,827,,814,,803,,796,,785,,775,,771,,761,,753,,746,,740,,733,,727,,721,,717,,709,,707,,698,,693,,692,,686,,686,,679,,679,,672,,673,,670,,666,,663,,665,,659,,660,,656,,656,,656,,656,,656,,656,,652,,652,,653,,654,,656,,656,,659,,662,,662,,661,,664,,665,,669,,673,,674,,677,,680,,685,,687,,692,,697,,702,,709,,714,,714,,723,,729,,734,,742,,747,,756,,762,,773,,779,,790,,800,,808,,818,,831,,844,,

636,,644,,648,,658,,665,,670,,677,,685,,695,,702,,712,,723,,734,,742,,757,,769,,779,,792,,809,,820,,839,,855,,870,,891,,910,,928,,949,,973,,998,,1026,,1053,,1082,,1113,,1117,,2484,,2514,,2495,,2473,,2450,,2432,,2416,,2395,,2381,,2365,,2351,,2338,,2329,,2334,,2480,,2605,,2592,,2585,,2574,,2568,,2559,,2553,,2546,,2542,,2541,,2534,,2533,,2533,,1552,,1552,,1548,,1551,,1555,,1556,,1559,,1561,,1564,,1567,,1571,,1575,,1581,,1586,,1594,,1598,,1606,,1616,,1624,,1633,,1642,,1653,,1665,,1676,,1661,,1598,,1539,,1483,,1431,,1387,,1341,,1303,,1264,,1232,,1196,,1166,,1139,,1110,,1084,,1061,,1038,,1019,,998,,979,,958,,938,,926,,911,,894,,881,,864,,854,,840,,831,,817,,810,,798,,790,,778,,771,,763,,758,,750,,739,,735,,726,,720,,717,,712,,708,,702,,696,,691,,687,,685,,683,,676,,673,,672,,667,,665,,665,,664,,661,,659,,660,,659,,659,,654,,656,,656,,656,,653,,656,,654,,657,,659,,658,,659,,663,,661,,666,,664,,668,,669,,672,,677,,682,,685,,686,,691,,695,,700,,702,,711,,717,,722,,725,,733,,

608,,609,,614,,619,,625,,631,,639,,642,,648,,654,,664,,671,,678,,687,,692,,703,,712,,720,,731,,745,,756,,764,,779,,794,,806,,818,,838,,851,,867,,888,,907,,928,,949,,973,,994,,1023,,1047,,1081,,1110,,1116,,2479,,2515,,2495,,2473,,2454,,2436,,2416,,2400,,2383,,2366,,2352,,2343,,2329,,2335,,2467,,2606,,2593,,2585,,2575,,2569,,2559,,2553,,2546,,2545,,2539,,2535,,2535,,2529,,1549,,1551,,1553,,1552,,1554,,1555,,1556,,1559,,1565,,1567,,1572,,1576,,1580,,1584,,1590,,1600,,1605,,1613,,1621,,1632,,1639,,1649,,1662,,1673,,1667,,1601,,1542,,1489,,1439,,1392,,1348,,1305,,1266,,1235,,1200,,1167,,1140,,1110,,1087,,1061,,1039,,1016,,999,,976,,957,,943,,926,,910,,896,,883,,870,,855,,842,,831,,822,,807,,799,,791,,783,,774,,764,,757,,750,,743,,735,,728,,724,,719,,711,,709,,704,,696,,691,,689,,685,,683,,680,,673,,672,,672,,667,,665,,665,,663,,661,,658,,659,,654,,656,,657,,657,,653,,653,,654,,658,,656,,657,,657,,659,,661,,660,,666,,668,,670,,671,,675,,676,,678,,681,,685,,693,,695,,701,,

661,,665,,671,,676,,680,,683,,688,,698,,702,,708,,717,,720,,730,,739,,743,,754,,764,,769,,781,,792,,804,,815,,823,,837,,854,,864,,882,,894,,911,,927,,947,,968,,988,,1001,,997,,2270,,2243,,2213,,2257,,2316,,2380,,2374,,2348,,2327,,2303,,2283,,2266,,2249,,2227,,2211,,2199,,2181,,2170,,2178,,2265,,2400,,2434,,2424,,2410,,2401,,2391,,2386,,2378,,2370,,2362,,2359,,2352,,2350,,1367,,1366,,1361,,1363,,1362,,1363,,1366,,1363,,1368,,1366,,1371,,1374,,1375,,1380,,1385,,1390,,1391,,1397,,1406,,1413,,1416,,1427,,1433,,1441,,1453,,1458,,1472,,1480,,1452,,1393,,1348,,1298,,1259,,1221,,1183,,1147,,1113,,1083,,1056,,1032,,1007,,984,,960,,941,,918,,902,,886,,869,,854,,836,,822,,811,,796,,786,,771,,760,,752,,742,,730,,722,,712,,704,,699,,692,,684,,677,,668,,664,,657,,653,,646,,644,,640,,635,,629,,624,,620,,618,,614,,613,,608,,608,,605,,605,,600,,599,,596,,594,,593,,596,,595,,590,,591,,593,,592,,590,,592,,590,,594,,591,,594,,596,,597,,599,,600,,601,,604,,605,,606,,611,,615,,617,,620,,

1135,,1125,,1116,,1106,,1097,,1086,,1075,,1067,,1059,,1053,,1045,,1038,,1036,,1029,,1022,,1020,,991,,1046,,1128,,1225,,1339,,1477,,1647,,1868,,2148,,2541,,3095,,3446,,3443,,3441,,3441,,3443,,3442,,3445,,3446,,3452,,3457,,3364,,3367,,3376,,3386,,3398,,3409,,3419,,3431,,3449,,3466,,3480,,3501,,3520,,3413,,2234,,2132,,2041,,1961,,1882,,1815,,1784,,1799,,1818,,1835,,1855,,1875,,1864,,1813,,1766,,547,,531,,523,,511,,497,,487,,476,,470,,460,,452,,445,,437,,429,,422,,417,,410,,404,,401,,396,,389,,385,,378,,375,,373,,369,,365,,361,,359,,355,,352,,349,,345,,343,,340,,340,,336,,335,,330,,329,,326,,327,,326,,321,,322,,319,,319,,318,,316,,316,,316,,317,,318,,317,,317,,315,,316,,316,,315,,314,,317,,314,,315,,320,,317,,320,,320,,322,,323,,324,,327,,326,,326,,331,,333,,333,,335,,338,,337,,340,,346,,345,,348,,354,,357,,359,,362,,364,,373,,373,,377,,383,,387,,393,,391,,382,,373,,367,,360,,351,,346,,341,,334,,327,,324,,317,,315,,310,,305,,300,,298,,294,,290,,286,,284,,281,,

3457,,3264,,3092,,2939,,2800,,2681,,2568,,2465,,2367,,2286,,2202,,2127,,2059,,1993,,1935,,1882,,1829,,1780,,1733,,1694,,1654,,1618,,1581,,1545,,1516,,1486,,1455,,1428,,1403,,1381,,1353,,1333,,1311,,1292,,1272,,1257,,1238,,1222,,1206,,1191,,1177,,1165,,1153,,1143,,1128,,1119,,1108,,1099,,1089,,1078,,1070,,1062,,1055,,1048,,1041,,1036,,1030,,1026,,1019,,992,,1024,,1098,,1191,,1302,,1428,,1585,,1784,,2049,,2380,,2883,,3448,,3442,,3445,,3439,,3441,,3440,,3440,,3445,,3447,,3456,,3380,,3364,,3374,,3382,,3393,,3405,,3413,,3431,,3443,,3459,,3474,,3493,,3511,,3424,,2269,,2163,,2071,,1986,,1908,,1836,,1780,,1796,,1813,,1829,,1848,,1865,,1882,,1830,,1786,,552,,537,,528,,512,,501,,493,,480,,472,,465,,454,,447,,439,,430,,427,,420,,414,,407,,400,,394,,392,,384,,382,,378,,375,,366,,367,,360,,358,,356,,352,,351,,348,,344,,339,,340,,335,,335,,330,,332,,326,,326,,325,,323,,325,,321,,321,,318,,320,,319,,318,,315,,317,,317,,315,,318,,315,,314,,317,,313,,317,,316,,317,,319,,318,,319,,320,,319,,322,,321,,325,,325,,327,,

1118,,1108,,1095,,1087,,1077,,1071,,1062,,1055,,1048,,1039,,1032,,1028,,1023,,1020,,991,,1039,,1119,,1215,,1330,,1460,,1627,,1837,,2107,,2481,,3022,,3445,,3445,,3442,,3440,,3442,,3443,,3445,,3447,,3450,,3457,,3361,,3366,,3378,,3385,,3397,,3405,,3419,,3432,,3444,,3463,,3480,,3495,,3519,,3408,,2243,,2141,,2052,,1967,,1892,,1820,,1782,,1799,,1814,,1831,,1852,,1868,,1869,,1823,,1775,,547,,536,,524,,509,,498,,490,,477,,470,,463,,453,,448,,437,,431,,423,,417,,409,,405,,399,,394,,388,,382,,380,,377,,372,,369,,363,,359,,359,,351,,349,,348,,343,,340,,339,,335,,337,,333,,330,,329,,328,,328,,322,,323,,324,,319,,322,,317,,319,,318,,317,,316,,318,,316,,318,,317,,314,,315,,316,,314,,315,,316,,319,,317,,319,,318,,321,,320,,322,,324,,322,,324,,326,,329,,331,,333,,337,,336,,339,,342,,345,,346,,351,,351,,358,,361,,362,,365,,371,,376,,378,,385,,387,,392,,393,,380,,376,,365,,359,,354,,344,,338,,335,,328,,326,,317,,313,,310,,304,,301,,299,,294,,288,,284,,281,,281,,277,,275,,

268,,272,,275,,276,,278,,281,,286,,289,,292,,298,,301,,305,,308,,311,,316,,324,,330,,334,,341,,348,,352,,360,,368,,374,,381,,391,,402,,412,,418,,432,,443,,455,,467,,484,,500,,516,,532,,554,,570,,592,,619,,648,,676,,709,,746,,786,,829,,880,,938,,1008,,1085,,1171,,1283,,1407,,1570,,1767,,2035,,2377,,2860,,3638,,4939,,7129,,7124,,7125,,10048,,10051,,10058,,10149,,10166,,10185,,10201,,10225,,6161,,5574,,5085,,4672,,4314,,4021,,3757,,3533,,3336,,3154,,2997,,2853,,2729,,2610,,2502,,2406,,2314,,2236,,2156,,2084,,2019,,1961,,1903,,1849,,1798,,1751,,1709,,1670,,1630,,1592,,1558,,1528,,1496,,1466,,1440,,1410,,1386,,1367,,1344,,1320,,1299,,1282,,1264,,1248,,1229,,1213,,1199,,1186,,1170,,1158,,1147,,1132,,1122,,1114,,1101,,1091,,1082,,1072,,1066,,1056,,1054,,1046,,1039,,1030,,1027,,1023,,995,,994,,1067,,1151,,1253,,1376,,1521,,1706,,1940,,2242,,2670,,3278,,3448,,3444,,3441,,3438,,3442,,3442,,3446,,3446,,3450,,3458,,3361,,3370,,3380,,3389,,3400,,3409,,3424,,3435,,3452,,3469,,3486,,3507,,3499,,3418,,2202,,2109,,2019,,1936,,1862,,1795,,1792,,

1645,,1608,,1575,,1541,,1509,,1477,,1449,,1423,,1398,,1375,,1354,,1332,,1312,,1289,,1271,,1254,,1235,,1218,,1207,,1192,,1175,,1164,,1149,,1139,,1127,,1116,,1109,,1097,,1088,,1079,,1071,,1062,,1056,,1049,,1039,,1034,,1028,,1023,,1019,,995,,1032,,1111,,1204,,1319,,1447,,1612,,1818,,2092,,2449,,2967,,3446,,3444,,3442,,3443,,3438,,3439,,3442,,3444,,3452,,3457,,3361,,3367,,3376,,3386,,3392,,3407,,3419,,3432,,3444,,3461,,3478,,3496,,3518,,3410,,2252,,2150,,2061,,1974,,1897,,1826,,1783,,1799,,1814,,1832,,1848,,1867,,1875,,1825,,1775,,549,,533,,525,,512,,499,,492,,479,,470,,464,,454,,446,,439,,431,,423,,420,,411,,404,,400,,394,,390,,387,,380,,378,,370,,368,,363,,360,,359,,352,,352,,349,,346,,344,,342,,335,,334,,335,,329,,330,,327,,328,,323,,323,,324,,320,,321,,320,,319,,317,,316,,318,,315,,315,,314,,315,,317,,314,,315,,313,,314,,317,,314,,316,,320,,321,,322,,322,,321,,324,,326,,326,,328,,330,,330,,331,,333,,336,,338,,343,,342,,346,,350,,352,,353,,360,,361,,367,,372,,376,,377,,384,,385,,

1730,,1685,,1648,,1612,,1576,,1544,,1512,,1479,,1454,,1423,,1402,,1375,,1355,,1328,,1311,,1289,,1271,,1254,,1238,,1223,,1207,,1191,,1179,,1166,,1150,,1136,,1126,,1115,,1108,,1098,,1089,,1079,,1070,,1064,,1054,,1049,,1042,,1035,,1029,,1023,,1017,,995,,1033,,1113,,1202,,1315,,1450,,1609,,1821,,2087,,2451,,2970,,3447,,3446,,3444,,3441,,3441,,3442,,3442,,3447,,3449,,3454,,3363,,3367,,3374,,3383,,3395,,3403,,3418,,3432,,3444,,3462,,3479,,3495,,3514,,3409,,2254,,2150,,2059,,1973,,1899,,1829,,1782,,1796,,1815,,1832,,1849,,1866,,1876,,1825,,1776,,549,,538,,524,,513,,503,,488,,480,,470,,463,,455,,444,,439,,431,,424,,416,,413,,407,,401,,396,,388,,386,,379,,377,,374,,368,,365,,363,,358,,354,,349,,350,,344,,342,,339,,338,,338,,333,,332,,331,,328,,325,,327,,323,,322,,322,,320,,319,,318,,319,,319,,318,,316,,313,,314,,315,,317,,317,,316,,315,,318,,317,,318,,315,,316,,320,,322,,323,,323,,322,,326,,327,,326,,329,,332,,331,,333,,339,,337,,339,,345,,344,,348,,355,,353,,357,,360,,366,,370,,373,,376,,

10209,,10134,,5972,,5425,,4947,,4560,,4223,,3948,,3689,,3480,,3276,,3111,,2956,,2813,,2689,,2577,,2475,,2379,,2290,,2209,,2139,,2070,,2001,,1942,,1888,,1837,,1787,,1740,,1694,,1658,,1617,,1584,,1548,,1516,,1486,,1459,,1432,,1407,,1381,,1359,,1337,,1316,,1297,,1276,,1258,,1240,,1223,,1209,,1192,,1179,,1169,,1155,,1143,,1130,,1120,,1111,,1100,,1091,,1082,,1073,,1062,,1054,,1052,,1041,,1039,,1030,,1024,,1019,,993,,1015,,1094,,1179,,1284,,1415,,1569,,1765,,2012,,2345,,2820,,3450,,3443,,3443,,3443,,3441,,3442,,3441,,3444,,3451,,3453,,3431,,3367,,3373,,3382,,3391,,3404,,3416,,3426,,3441,,3457,,3473,,3493,,3511,,3451,,3424,,2179,,2082,,1996,,1917,,1845,,1779,,1795,,1809,,1825,,1843,,1864,,1885,,1835,,1789,,550,,537,,525,,515,,506,,492,,484,,474,,464,,456,,448,,442,,432,,427,,417,,411,,406,,404,,399,,392,,386,,380,,379,,375,,370,,365,,360,,359,,352,,353,,349,,344,,341,,340,,339,,338,,336,,332,,332,,330,,329,,328,,325,,323,,323,,321,,318,,318,,315,,317,,317,,318,,315,,313,,313,,317,,318,,314,,315,,314,,315,,318,,319,,

10211,,10132,,5982,,5422,,4958,,4561,,4221,,3937,,3689,,3476,,3284,,3109,,2950,,2816,,2691,,2580,,2473,,2377,,2294,,2211,,2135,,2066,,2002,,1944,,1886,,1833,,1787,,1742,,1697,,1656,,1622,,1581,,1549,,1516,,1488,,1456,,1431,,1408,,1383,,1356,,1336,,1316,,1296,,1274,,1257,,1240,,1225,,1208,,1193,,1181,,1165,,1152,,1142,,1131,,1121,,1108,,1098,,1091,,1080,,1070,,1064,,1059,,1051,,1041