Inicio leitura (formato: numLeitura541, angulo, distanciaLaser, X laser, Y laser, X roboGlobal, Y roboGlobal)

1252,,1237,,1224,,1208,,1191,,1181,,1167,,1154,,1144,,1132,,1121,,1109,,1103,,1094,,1085,,1075,,1067,,1064,,1052,,1048,,1043,,1036,,1029,,1028,,1021,,1016,,1013,,1010,,1008,,1003,,1001,,1001,,1000,,996,,994,,992,,990,,994,,991,,993,,991,,993,,992,,995,,1000,,998,,1001,,1006,,1009,,1010,,1013,,1017,,1020,,1026,,1030,,1036,,1045,,1050,,1056,,1064,,1067,,1079,,1083,,1095,,1101,,1110,,1123,,1133,,1144,,1155,,1166,,1183,,1193,,1207,,1226,,1239,,1254,,1272,,1289,,1308,,1328,,1352,,1374,,1397,,1421,,1448,,1474,,1503,,1533,,1567,,1600,,1637,,1676,,1718,,1761,,1809,,1858,,1908,,1967,,2028,,2090,,2162,,2237,,2322,,2406,,2504,,2607,,2727,,2855,,2989,,3149,,3327,,3515,,3743,,3993,,4287,,4620,,6155,,6132,,6416,,6403,,6386,,6371,,6361,,5368,,5362,,5357,,5353,,5350,,5351,,5355,,5192,,3694,,2908,,2376,,2008,,1744,,1542,,1376,,1250,,1143,,1054,,977,,913,,852,,802,,758,,721,,683,,654,,622,,598,,573,,548,,529,,510,,493,,478,,463,,452,,437,,425,,414,,403,,394,,382,,374,,365,,359,,350,,345,,337,,330,,324,,319,,313,,309,,302,,297,,297,,289,,

1112,,1099,,1094,,1085,,1073,,1068,,1063,,1056,,1048,,1043,,1037,,1030,,1027,,1021,,1017,,1012,,1011,,1009,,1002,,999,,1000,,997,,994,,993,,995,,994,,991,,991,,994,,993,,992,,994,,994,,997,,997,,1002,,1006,,1007,,1011,,1016,,1020,,1024,,1027,,1030,,1039,,1044,,1049,,1058,,1062,,1072,,1079,,1084,,1095,,1104,,1111,,1123,,1136,,1143,,1155,,1170,,1183,,1193,,1209,,1227,,1240,,1256,,1274,,1294,,1313,,1331,,1354,,1374,,1401,,1422,,1451,,1477,,1506,,1539,,1570,,1605,,1642,,1682,,1718,,1763,,1813,,1863,,1912,,1968,,2033,,2094,,2168,,2244,,2325,,2416,,2512,,2617,,2734,,2859,,3003,,3158,,3338,,3532,,3761,,4010,,4308,,4644,,6152,,6130,,6415,,6398,,6384,,6370,,6362,,5368,,5359,,5354,,5355,,5354,,5350,,5355,,5055,,3630,,2848,,2343,,1989,,1723,,1532,,1371,,1242,,1136,,1047,,971,,905,,853,,798,,756,,717,,683,,650,,621,,594,,570,,547,,528,,509,,493,,478,,461,,450,,436,,426,,415,,400,,391,,381,,372,,366,,357,,351,,346,,335,,330,,324,,321,,314,,307,,303,,301,,296,,290,,285,,283,,282,,275,,272,,270,,268,,262,,260,,257,,254,,

1003,,1007,,1010,,1010,,1013,,1021,,1022,,1029,,1032,,1039,,1043,,1048,,1054,,1066,,1069,,1080,,1089,,1096,,1106,,1117,,1126,,1137,,1148,,1160,,1169,,1185,,1198,,1214,,1228,,1245,,1262,,1279,,1295,,1315,,1335,,1359,,1382,,1405,,1427,,1458,,1485,,1513,,1544,,1575,,1608,,1645,,1688,,1730,,1771,,1820,,1868,,1923,,1979,,2046,,2108,,2182,,2258,,2337,,2429,,2529,,2637,,2755,,2882,,3030,,3187,,3372,,3570,,3804,,4064,,4365,,4711,,6150,,6129,,6413,,6397,,6382,,6367,,6355,,5364,,5362,,5357,,5354,,5352,,5353,,5352,,4715,,3471,,2742,,2269,,1936,,1693,,1498,,1345,,1224,,1118,,1033,,960,,895,,841,,793,,748,,708,,675,,644,,617,,591,,569,,543,,523,,505,,492,,474,,459,,444,,432,,421,,411,,399,,389,,379,,375,,362,,357,,348,,344,,338,,330,,323,,318,,314,,306,,302,,299,,295,,288,,287,,282,,281,,278,,272,,269,,266,,263,,263,,257,,257,,256,,249,,249,,247,,245,,244,,242,,241,,240,,237,,235,,238,,235,,234,,233,,230,,229,,232,,230,,231,,231,,228,,229,,229,,229,,226,,228,,228,,230,,229,,227,,230,,226,,231,,227,,

996,,997,,998,,1003,,1004,,1007,,1012,,1013,,1017,,1023,,1030,,1034,,1036,,1044,,1049,,1057,,1064,,1071,,1077,,1085,,1098,,1103,,1112,,1126,,1133,,1145,,1156,,1172,,1184,,1199,,1212,,1228,,1242,,1260,,1278,,1297,,1314,,1334,,1356,,1380,,1401,,1428,,1455,,1480,,1510,,1541,,1575,,1611,,1645,,1687,,1730,,1770,,1817,,1868,,1925,,1982,,2041,,2105,,2176,,2255,,2337,,2431,,2527,,2637,,2753,,2887,,3030,,3192,,3364,,3571,,3794,,4054,,4364,,4704,,6148,,6128,,6416,,6399,,6383,,6368,,6357,,5366,,5359,,5356,,5353,,5352,,5351,,5356,,4721,,3494,,2753,,2272,,1942,,1689,,1500,,1351,,1225,,1122,,1036,,960,,895,,840,,793,,747,,709,,674,,645,,616,,593,,566,,545,,527,,505,,491,,474,,460,,447,,435,,420,,411,,398,,389,,382,,372,,366,,356,,350,,340,,336,,331,,323,,317,,315,,310,,305,,297,,293,,291,,289,,283,,280,,273,,271,,272,,267,,263,,262,,259,,256,,254,,254,,249,,246,,248,,243,,244,,241,,238,,240,,237,,237,,234,,233,,235,,231,,230,,229,,229,,230,,227,,230,,229,,230,,226,,225,,226,,227,,225,,228,,229,,228,,

411,,422,,431,,445,,456,,473,,486,,505,,525,,542,,564,,584,,610,,638,,673,,707,,743,,785,,835,,891,,952,,1023,,1108,,1204,,1326,,1477,,1661,,1904,,2097,,2094,,2095,,2088,,2091,,2087,,2087,,2088,,2087,,2092,,5020,,5027,,5036,,5046,,5137,,5151,,5168,,5184,,5203,,5220,,5242,,5266,,5295,,5215,,5245,,5275,,6369,,6410,,6457,,6504,,6552,,6602,,6659,,6717,,6711,,6770,,6838,,6909,,6981,,7059,,1779,,1735,,1694,,1653,,1617,,1581,,1549,,1517,,1490,,1457,,1433,,1405,,1385,,1359,,1340,,1317,,1299,,1281,,1264,,1246,,1230,,1215,,1201,,1186,,1174,,1160,,1150,,1139,,1125,,1118,,1108,,1100,,1086,,1080,,1074,,1067,,1060,,1051,,1045,,1037,,1033,,1029,,1022,,1022,,1015,,1010,,1010,,1005,,1004,,1000,,1000,,998,,992,,992,,991,,994,,993,,993,,994,,990,,993,,994,,995,,997,,1000,,1004,,1004,,1011,,1014,,1017,,1019,,1025,,1027,,1036,,1038,,1048,,1054,,1060,,1067,,1072,,1081,,1089,,1098,,1109,,1116,,1127,,1137,,1150,,1161,,1173,,1186,,1203,,1216,,1231,,1248,,1263,,1282,,1302,,1322,,1344,,1362,,1385,,1413,,1436,,1465,,1491,,1523,,1555,,1589,,1623,,1659,,1697,,1741,,

409,,418,,431,,445,,456,,471,,490,,506,,522,,541,,564,,587,,612,,641,,671,,706,,742,,786,,836,,888,,951,,1023,,1107,,1205,,1325,,1471,,1658,,1897,,2097,,2095,,2095,,2088,,2091,,2086,,2089,,2089,,2088,,2091,,5018,,5026,,5034,,5048,,5140,,5151,,5166,,5180,,5200,,5223,,5244,,5269,,5290,,5217,,5243,,5273,,6373,,6411,,6457,,6500,,6553,,6606,,6659,,6716,,6706,,6771,,6840,,6908,,6985,,7057,,1781,,1737,,1691,,1656,,1617,,1584,,1550,,1516,,1485,,1461,,1435,,1405,,1382,,1360,,1338,,1318,,1297,,1281,,1263,,1246,,1230,,1213,,1200,,1185,,1175,,1161,,1150,,1136,,1128,,1114,,1105,,1099,,1091,,1081,,1071,,1064,,1059,,1051,,1044,,1041,,1034,,1031,,1024,,1020,,1013,,1010,,1008,,1007,,1003,,1002,,1000,,997,,996,,996,,994,,990,,991,,993,,991,,995,,996,,996,,994,,999,,998,,1002,,1007,,1009,,1010,,1016,,1019,,1027,,1030,,1033,,1042,,1045,,1051,,1057,,1066,,1075,,1081,,1089,,1097,,1108,,1118,,1126,,1140,,1150,,1163,,1175,,1189,,1202,,1218,,1231,,1249,,1266,,1282,,1299,,1321,,1344,,1365,,1389,,1409,,1434,,1466,,1491,,1520,,1553,,1587,,1621,,1661,,1700,,1739,,

410,,419,,430,,447,,460,,471,,489,,507,,520,,542,,565,,587,,610,,640,,669,,703,,740,,788,,835,,887,,950,,1022,,1106,,1204,,1323,,1475,,1655,,1895,,2097,,2093,,2093,,2091,,2091,,2085,,2088,,2089,,2090,,2092,,5021,,5029,,5036,,5047,,5140,,5150,,5167,,5183,,5202,,5219,,5245,,5266,,5291,,5213,,5243,,5274,,6369,,6413,,6454,,6504,,6553,,6600,,6657,,6718,,6711,,6772,,6836,,6911,,6983,,7058,,1780,,1733,,1694,,1651,,1615,,1583,,1551,,1519,,1489,,1461,,1433,,1405,,1385,,1359,,1338,,1320,,1299,,1278,,1263,,1244,,1227,,1216,,1202,,1184,,1172,,1159,,1147,,1138,,1125,,1118,,1105,,1096,,1088,,1078,,1072,,1066,,1056,,1052,,1044,,1041,,1035,,1028,,1023,,1019,,1017,,1010,,1010,,1008,,1004,,999,,997,,994,,995,,995,,992,,991,,993,,991,,993,,993,,995,,995,,999,,1000,,1000,,1001,,1004,,1008,,1014,,1015,,1021,,1023,,1028,,1033,,1038,,1045,,1050,,1059,,1068,,1075,,1081,,1088,,1096,,1106,,1118,,1130,,1137,,1151,,1164,,1175,,1188,,1204,,1216,,1233,,1250,,1266,,1282,,1300,,1322,,1341,,1365,,1387,,1411,,1436,,1465,,1491,,1522,,1555,,1589,,1621,,1657,,1697,,1739,,

411,,420,,432,,442,,458,,473,,489,,502,,521,,542,,562,,587,,610,,640,,669,,705,,740,,783,,834,,887,,947,,1021,,1106,,1207,,1326,,1473,,1660,,1896,,2097,,2097,,2090,,2091,,2090,,2088,,2086,,2089,,2086,,2093,,5022,,5027,,5034,,5045,,5136,,5149,,5165,,5184,,5201,,5222,,5240,,5267,,5290,,5214,,5244,,5273,,6372,,6411,,6454,,6503,,6550,,6604,,6658,,6717,,6709,,6774,,6839,,6909,,6985,,7059,,1778,,1737,,1692,,1652,,1617,,1580,,1548,,1517,,1485,,1459,,1431,,1410,,1381,,1363,,1339,,1317,,1300,,1281,,1262,,1248,,1229,,1213,,1198,,1185,,1172,,1162,,1147,,1136,,1125,,1114,,1105,,1097,,1088,,1078,,1073,,1067,,1056,,1051,,1047,,1040,,1034,,1028,,1022,,1018,,1018,,1010,,1009,,1003,,1002,,1002,,996,,994,,997,,994,,992,,994,,992,,993,,990,,991,,992,,994,,997,,999,,1001,,1001,,1005,,1011,,1014,,1014,,1021,,1023,,1028,,1037,,1041,,1046,,1050,,1059,,1064,,1074,,1082,,1088,,1096,,1107,,1118,,1127,,1139,,1150,,1162,,1173,,1187,,1200,,1216,,1234,,1249,,1263,,1282,,1300,,1320,,1341,,1363,,1384,,1414,,1436,,1464,,1492,,1522,,1552,,1586,,1620,,1660,,1697,,1742,,

409,,420,,433,,446,,457,,475,,486,,505,,524,,541,,562,,587,,614,,642,,670,,705,,743,,786,,832,,890,,949,,1023,,1107,,1206,,1328,,1468,,1662,,1897,,2098,,2097,,2095,,2092,,2089,,2090,,2085,,2089,,2090,,2092,,5018,,5025,,5036,,5047,,5139,,5151,,5168,,5184,,5203,,5221,,5245,,5266,,5290,,5214,,5242,,5273,,6371,,6410,,6455,,6500,,6551,,6601,,6659,,6715,,6707,,6774,,6840,,6906,,6981,,7057,,1780,,1737,,1696,,1655,,1615,,1582,,1548,,1515,,1488,,1461,,1430,,1405,,1382,,1359,,1340,,1319,,1300,,1282,,1263,,1244,,1229,,1216,,1201,,1184,,1172,,1159,,1146,,1137,,1126,,1115,,1107,,1098,,1087,,1082,,1071,,1066,,1060,,1052,,1045,,1042,,1036,,1028,,1024,,1018,,1014,,1011,,1007,,1003,,1004,,998,,996,,997,,994,,994,,991,,994,,994,,994,,994,,992,,995,,996,,997,,997,,1002,,1002,,1003,,1011,,1011,,1015,,1018,,1023,,1028,,1033,,1040,,1043,,1050,,1061,,1066,,1075,,1080,,1089,,1096,,1109,,1119,,1128,,1137,,1152,,1160,,1174,,1189,,1203,,1215,,1232,,1250,,1264,,1283,,1301,,1324,,1339,,1362,,1388,,1411,,1437,,1465,,1491,,1521,,1553,,1588,,1621,,1659,,1700,,1740,,

409,,422,,432,,442,,456,,471,,487,,503,,523,,541,,563,,586,,614,,639,,669,,702,,741,,786,,832,,890,,949,,1019,,1109,,1208,,1326,,1472,,1663,,1894,,2097,,2095,,2093,,2092,,2088,,2087,,2086,,2089,,2089,,2090,,5019,,5029,,5034,,5046,,5139,,5154,,5168,,5181,,5204,,5221,,5242,,5268,,5290,,5213,,5243,,5272,,6371,,6412,,6456,,6505,,6550,,6601,,6656,,6716,,6710,,6770,,6839,,6908,,6984,,7061,,1779,,1736,,1693,,1654,,1615,,1581,,1547,,1519,,1487,,1461,,1434,,1408,,1384,,1360,,1337,,1317,,1299,,1278,,1262,,1245,,1232,,1212,,1198,,1188,,1173,,1161,,1147,,1137,,1126,,1118,,1108,,1099,,1088,,1080,,1072,,1064,,1058,,1052,,1044,,1041,,1033,,1030,,1026,,1018,,1014,,1014,,1007,,1005,,1003,,1001,,999,,997,,995,,994,,995,,992,,990,,993,,994,,992,,995,,993,,998,,1000,,999,,1003,,1005,,1011,,1012,,1016,,1018,,1025,,1029,,1033,,1038,,1045,,1053,,1061,,1066,,1075,,1080,,1090,,1097,,1106,,1116,,1130,,1140,,1150,,1164,,1174,,1187,,1204,,1219,,1231,,1249,,1264,,1282,,1301,,1322,,1341,,1363,,1389,,1412,,1435,,1461,,1491,,1520,,1551,,1588,,1622,,1659,,1697,,1739,,

407,,422,,433,,444,,456,,471,,489,,502,,522,,543,,565,,588,,611,,640,,669,,704,,741,,783,,835,,888,,949,,1022,,1107,,1205,,1324,,1470,,1663,,1893,,2099,,2096,,2094,,2088,,2087,,2085,,2085,,2089,,2088,,2090,,5020,,5029,,5037,,5046,,5138,,5151,,5167,,5185,,5199,,5222,,5243,,5265,,5291,,5217,,5245,,5272,,6371,,6414,,6454,,6504,,6551,,6605,,6655,,6717,,6710,,6770,,6840,,6910,,6979,,7058,,1781,,1733,,1691,,1651,,1616,,1580,,1546,,1519,,1486,,1459,,1434,,1408,,1382,,1358,,1338,,1317,,1298,,1282,,1265,,1248,,1231,,1217,,1199,,1184,,1171,,1162,,1148,,1138,,1128,,1118,,1108,,1096,,1087,,1081,,1074,,1064,,1059,,1051,,1043,,1040,,1032,,1026,,1026,,1017,,1014,,1014,,1010,,1003,,1002,,998,,996,,999,,996,,996,,995,,995,,990,,992,,993,,994,,994,,997,,999,,998,,1001,,1004,,1008,,1009,,1015,,1016,,1023,,1022,,1029,,1037,,1038,,1048,,1050,,1057,,1068,,1073,,1083,,1088,,1099,,1108,,1116,,1128,,1137,,1148,,1161,,1176,,1188,,1200,,1217,,1233,,1248,,1267,,1281,,1301,,1323,,1341,,1365,,1385,,1411,,1436,,1462,,1493,,1519,,1553,,1589,,1620,,1659,,1696,,1741,,

407,,419,,430,,447,,459,,475,,489,,502,,521,,542,,563,,588,,612,,640,,669,,705,,740,,784,,832,,888,,951,,1024,,1105,,1207,,1327,,1475,,1653,,1893,,2098,,2095,,2092,,2092,,2090,,2090,,2086,,2087,,2088,,2092,,5022,,5029,,5037,,5046,,5138,,5151,,5166,,5183,,5203,,5222,,5242,,5268,,5291,,5215,,5242,,5272,,6371,,6411,,6454,,6500,,6552,,6604,,6659,,6717,,6707,,6773,,6837,,6906,,6982,,7059,,1778,,1735,,1694,,1657,,1615,,1583,,1550,,1519,,1486,,1460,,1432,,1405,,1386,,1360,,1342,,1317,,1297,,1282,,1263,,1246,,1232,,1216,,1200,,1185,,1172,,1158,,1148,,1137,,1126,,1118,,1105,,1098,,1089,,1082,,1071,,1064,,1059,,1053,,1046,,1042,,1032,,1030,,1023,,1022,,1017,,1009,,1010,,1003,,1005,,1002,,998,,995,,993,,994,,992,,993,,993,,994,,992,,993,,994,,993,,995,,1000,,999,,1002,,1007,,1011,,1013,,1016,,1018,,1024,,1030,,1035,,1038,,1045,,1054,,1057,,1066,,1072,,1081,,1090,,1100,,1110,,1115,,1127,,1139,,1148,,1160,,1174,,1190,,1200,,1219,,1234,,1246,,1264,,1282,,1303,,1321,,1343,,1362,,1387,,1413,,1439,,1463,,1490,,1523,,1552,,1587,,1621,,1658,,1698,,1743,,

411,,418,,433,,443,,458,,475,,487,,504,,521,,541,,565,,588,,612,,640,,669,,702,,742,,784,,832,,888,,948,,1022,,1108,,1208,,1324,,1474,,1657,,1893,,2100,,2096,,2093,,2092,,2091,,2090,,2089,,2088,,2086,,2090,,5022,,5029,,5036,,5046,,5137,,5150,,5164,,5185,,5202,,5222,,5245,,5267,,5294,,5214,,5242,,5276,,6371,,6411,,6453,,6502,,6551,,6603,,6658,,6714,,6705,,6774,,6838,,6907,,6981,,7062,,1780,,1736,,1693,,1654,,1618,,1583,,1549,,1519,,1488,,1458,,1430,,1406,,1383,,1360,,1339,,1319,,1297,,1281,,1261,,1248,,1229,,1213,,1201,,1184,,1172,,1162,,1147,,1138,,1124,,1115,,1105,,1099,,1086,,1081,,1074,,1063,,1056,,1049,,1045,,1038,,1033,,1027,,1023,,1018,,1016,,1010,,1008,,1004,,1003,,1001,,998,,996,,993,,994,,994,,991,,994,,994,,990,,994,,995,,995,,998,,999,,1002,,1003,,1004,,1010,,1012,,1017,,1018,,1023,,1029,,1034,,1038,,1043,,1054,,1061,,1065,,1075,,1083,,1088,,1097,,1105,,1117,,1129,,1140,,1150,,1160,,1175,,1190,,1204,,1215,,1231,,1247,,1266,,1281,,1304,,1323,,1344,,1365,,1387,,1411,,1438,,1465,,1492,,1523,,1552,,1586,,1622,,1659,,1699,,1739,,

408,,419,,433,,443,,460,,473,,490,,504,,520,,543,,564,,585,,614,,637,,672,,705,,744,,788,,834,,885,,951,,1022,,1108,,1208,,1326,,1474,,1657,,1901,,2100,,2097,,2092,,2090,,2088,,2090,,2089,,2088,,2090,,2093,,5021,,5027,,5033,,5045,,5139,,5149,,5165,,5181,,5200,,5224,,5241,,5267,,5295,,5214,,5245,,5272,,6372,,6410,,6457,,6504,,6553,,6602,,6658,,6717,,6711,,6771,,6841,,6910,,6983,,7057,,1779,,1737,,1692,,1656,,1617,,1580,,1549,,1518,,1488,,1457,,1433,,1407,,1386,,1363,,1338,,1321,,1300,,1281,,1264,,1247,,1229,,1213,,1200,,1184,,1173,,1160,,1149,,1136,,1124,,1114,,1106,,1099,,1090,,1078,,1071,,1063,,1060,,1051,,1043,,1039,,1036,,1030,,1026,,1021,,1014,,1010,,1011,,1008,,1004,,1000,,996,,996,,997,,994,,994,,994,,990,,994,,992,,995,,995,,995,,995,,998,,1001,,1004,,1006,,1009,,1011,,1017,,1019,,1024,,1027,,1033,,1038,,1045,,1050,,1059,,1064,,1071,,1084,,1088,,1096,,1107,,1120,,1126,,1139,,1149,,1163,,1174,,1189,,1204,,1217,,1229,,1248,,1264,,1285,,1304,,1321,,1340,,1362,,1386,,1412,,1437,,1462,,1490,,1521,,1555,,1586,,1623,,1662,,1698,,1742,,
