2.47033e-323,2.47033e-323,1.41366e-318
8.09963e-317,8.09963e-317,4.94066e-324
8.09963e-317,8.09963e-317,4.94066e-324
8.09963e-317,8.09963e-317,4.94066e-324
8.09963e-317,8.09963e-317,4.94066e-324
2.47033e-323,2.47033e-323,1.41366e-318
8.09963e-317,8.09963e-317,4.94066e-324
2.47033e-323,2.47033e-323,1.41366e-318
2.47033e-323,2.47033e-323,1.41366e-318
2.47033e-323,2.47033e-323,1.41366e-318
8.09963e-317,8.09963e-317,4.94066e-324
8.09963e-317,8.09963e-317,4.94066e-324
8.09963e-317,8.09963e-317,4.94066e-324
8.09963e-317,8.09963e-317,4.94066e-324
