Inicio leitura (formato: numLeitura541, angulo, distanciaLaser, X laser, Y laser, X roboGlobal, Y roboGlobal)

6055,,6208,,6236,,6162,,6096,,6034,,5973,,5914,,5857,,5806,,5757,,5707,,5661,,5620,,5580,,5539,,5504,,5473,,5436,,5408,,5380,,5356,,5329,,5308,,5288,,5271,,5252,,5235,,5222,,5208,,5201,,5191,,5183,,5178,,5172,,5168,,5168,,5172,,5173,,5177,,5180,,5185,,5194,,5204,,5216,,5231,,5246,,5264,,5281,,5301,,5321,,5346,,5370,,5400,,5427,,5458,,5489,,5524,,5565,,5604,,5644,,5686,,5736,,5783,,5836,,5890,,5949,,6008,,6072,,6138,,6207,,6281,,6360,,6443,,6524,,6616,,6708,,6806,,6910,,7020,,7135,,7253,,7383,,7513,,7659,,7809,,7964,,8133,,8303,,8189,,8084,,7987,,7888,,7799,,7709,,7623,,7547,,7469,,7397,,7331,,7269,,7204,,7144,,7091,,7037,,6989,,6943,,6899,,6857,,6818,,6785,,6750,,6716,,6691,,6661,,6635,,6611,,6591,,6572,,6559,,6542,,6533,,6521,,2082,,2084,,2079,,2082,,2080,,2079,,2082,,2061,,2104,,2150,,2192,,2236,,6565,,6584,,6607,,6626,,6651,,6677,,6703,,6738,,6770,,6802,,6844,,6881,,6924,,6972,,7017,,7071,,7122,,7182,,7243,,7303,,7371,,7440,,7515,,7591,,7675,,7760,,7850,,7948,,8044,,8151,,8222,,8039,,7879,,7717,,7565,,7424,,7290,,7165,,7044,,6928,,6820,,6718,,6616,,6524,,6433,,6346,,

6057,,6204,,6238,,6165,,6099,,6032,,5972,,5913,,5856,,5806,,5757,,5705,,5662,,5621,,5577,,5541,,5503,,5470,,5439,,5408,,5379,,5356,,5331,,5307,,5285,,5267,,5252,,5234,,5221,,5212,,5198,,5189,,5186,,5178,,5171,,5172,,5170,,5171,,5174,,5173,,5182,,5189,,5195,,5208,,5220,,5233,,5245,,5262,,5281,,5302,,5319,,5347,,5369,,5399,,5425,,5460,,5494,,5525,,5565,,5604,,5643,,5687,,5733,,5782,,5838,,5890,,5950,,6007,,6068,,6136,,6205,,6279,,6355,,6439,,6523,,6616,,6708,,6804,,6911,,7018,,7133,,7251,,7382,,7516,,7660,,7806,,7969,,8128,,8306,,8190,,8082,,7985,,7886,,7797,,7706,,7623,,7545,,7470,,7401,,7328,,7266,,7204,,7147,,7091,,7041,,6988,,6943,,6898,,6857,,6819,,6783,,6749,,6719,,6687,,6661,,6634,,6615,,6592,,6576,,6560,,6543,,6532,,6523,,2085,,2081,,2078,,2082,,2078,,2080,,2081,,2062,,2103,,2151,,2191,,2236,,6567,,6584,,6605,,6628,,6650,,6676,,6704,,6733,,6767,,6803,,6842,,6881,,6925,,6972,,7021,,7071,,7124,,7179,,7239,,7303,,7371,,7441,,7514,,7590,,7676,,7758,,7847,,7946,,8044,,8149,,8218,,8044,,7871,,7713,,7568,,7424,,7292,,7165,,7042,,6924,,6818,,6717,,6617,,6523,,6434,,6348,,

5306,,5286,,5267,,5249,,5236,,5221,,5208,,5199,,5191,,5183,,5176,,5171,,5172,,5169,,5170,,5174,,5175,,5184,,5189,,5200,,5206,,5217,,5232,,5247,,5264,,5283,,5305,,5327,,5348,,5375,,5401,,5429,,5465,,5496,,5531,,5568,,5609,,5650,,5695,,5741,,5794,,5844,,5897,,5959,,6018,,6084,,6152,,6220,,6292,,6372,,6453,,6537,,6633,,6724,,6824,,6930,,7037,,7154,,7274,,7406,,7540,,7683,,7830,,7990,,8163,,8283,,8175,,8070,,7966,,7874,,7779,,7695,,7613,,7533,,7459,,7385,,7321,,7256,,7196,,7135,,7083,,7030,,6980,,6933,,6889,,6852,,6814,,6776,,6743,,6712,,6683,,6656,,6631,,6608,,6590,,6573,,6555,,6543,,6531,,6518,,2081,,2083,,2080,,2082,,2079,,2081,,2083,,2062,,2105,,2151,,2194,,2238,,6571,,6588,,6608,,6628,,6655,,6680,,6712,,6742,,6773,,6809,,6849,,6887,,6934,,6977,,7028,,7079,,7131,,7192,,7252,,7314,,7383,,7455,,7526,,7608,,7689,,7777,,7865,,7962,,8062,,8170,,8189,,8015,,7849,,7693,,7542,,7401,,7269,,7141,,7024,,6913,,6804,,6697,,6600,,6509,,6421,,6334,,6254,,6178,,6105,,6037,,5968,,5905,,5846,,5790,,5738,,5682,,5634,,5586,,5546,,5505,,5462,,5427,,5395,,5358,,5330,,5302,,5274,,5247,,5223,,

5248,,5235,,5222,,5207,,5196,,5191,,5183,,5178,,5174,,5171,,5171,,5170,,5170,,5175,,5184,,5191,,5199,,5210,,5220,,5233,,5249,,5265,,5284,,5303,,5324,,5350,,5376,,5400,,5432,,5465,,5499,,5533,,5570,,5611,,5653,,5697,,5743,,5794,,5847,,5899,,5957,,6020,,6084,,6153,,6220,,6294,,6370,,6457,,6540,,6631,,6724,,6824,,6932,,7041,,7153,,7279,,7406,,7542,,7687,,7835,,7996,,8160,,8286,,8173,,8070,,7965,,7872,,7778,,7690,,7611,,7534,,7458,,7385,,7319,,7253,,7193,,7136,,7081,,7030,,6981,,6935,,6888,,6850,,6814,,6774,,6744,,6709,,6682,,6657,,6630,,6607,,6587,,6572,,6556,,6541,,6530,,6519,,2083,,2080,,2080,,2082,,2078,,2081,,2082,,2062,,2106,,2148,,2194,,2257,,6568,,6587,,6609,,6630,,6656,,6681,,6712,,6739,,6775,,6810,,6847,,6891,,6936,,6979,,7030,,7081,,7132,,7194,,7253,,7316,,7385,,7458,,7527,,7604,,7692,,7777,,7868,,7960,,8064,,8168,,8185,,8013,,7845,,7689,,7541,,7401,,7267,,7140,,7021,,6910,,6802,,6694,,6599,,6506,,6419,,6333,,6254,,6178,,6103,,6035,,5966,,5908,,5844,,5787,,5733,,5683,,5635,,5588,,5545,,5504,,5464,,5428,,5390,,5361,,5326,,5300,,5273,,5249,,5223,,5201,,5183,,5164,,

5202,,5184,,5170,,5159,,5151,,5141,,5134,,5130,,5126,,5122,,5124,,5123,,5124,,5128,,5137,,5140,,5150,,5162,,5171,,5186,,5200,,5217,,5236,,5256,,5278,,5300,,5327,,5356,,5379,,5413,,5447,,5483,,5516,,5560,,5601,,5644,,5692,,5739,,5791,,5848,,5901,,5964,,6031,,6096,,6167,,6239,,6316,,6395,,6480,,6568,,6666,,6765,,6866,,6979,,7094,,7209,,7340,,7475,,7613,,7764,,7921,,8051,,7939,,7834,,7728,,7637,,7545,,7456,,7373,,7293,,7220,,7150,,7078,,7014,,6953,,6896,,6839,,6787,,6741,,6694,,6646,,6607,,6569,,6531,,6498,,6462,,6435,,6405,,6383,,6358,,6336,,6317,,6299,,6286,,6268,,6258,,6249,,6243,,1810,,1810,,1812,,1809,,1813,,1814,,1812,,1815,,1796,,1842,,1888,,1929,,1977,,6335,,6357,,6377,,6407,,6432,,6460,,6495,,6527,,6567,,6602,,6643,,6687,,6738,,6785,,6841,,6893,,6951,,7014,,7077,,7146,,7216,,7294,,7373,,7457,,7539,,7632,,7726,,7832,,7938,,8050,,7918,,7758,,7610,,7469,,7336,,7203,,7087,,6973,,6862,,6759,,6662,,6565,,6476,,6395,,6307,,6231,,6160,,6088,,6026,,5960,,5898,,5844,,5786,,5734,,5688,,5643,,5596,,5556,,5515,,5477,,5441,,5407,,5377,,5348,,5323,,5296,,5271,,5252,,5229,,5210,,

4945,,4929,,4919,,4909,,4898,,4888,,4881,,4878,,4873,,4870,,4871,,4872,,4872,,4875,,4880,,4887,,4895,,4904,,4917,,4928,,4942,,4959,,4977,,4998,,5017,,5038,,5063,,5088,,5117,,5144,,5179,,5210,,5250,,5286,,5324,,5367,,5411,,5459,,5506,,5561,,5614,,5672,,5730,,5795,,5859,,5932,,6006,,6079,,6161,,6247,,6334,,6427,,6530,,6633,,6738,,6811,,6697,,6588,,6478,,6378,,6287,,6197,,6114,,6031,,5951,,5878,,5804,,5738,,5676,,5612,,5554,,5502,,5447,,5398,,5354,,5306,,5265,,5224,,5186,,5152,,5114,,5083,,5055,,5028,,4997,,4974,,4950,,4932,,4912,,4892,,4878,,4862,,4850,,4838,,4826,,4816,,4808,,4805,,4798,,4796,,4796,,4795,,4797,,4802,,4805,,4811,,4819,,4827,,4836,,4846,,4858,,4876,,4891,,4908,,4932,,4953,,4973,,4998,,500,,472,,451,,431,,410,,406,,408,,410,,415,,419,,420,,425,,429,,436,,439,,445,,450,,455,,458,,465,,471,,480,,486,,489,,501,,509,,515,,525,,531,,542,,554,,550,,546,,553,,6885,,6797,,6705,,6619,,6542,,6463,,6392,,6319,,6254,,6193,,6130,,6072,,6017,,5968,,5918,,5869,,5826,,5788,,5745,,5711,,5674,,5640,,5611,,5582,,5556,,5531,,5508,,5487,,5468,,

3843,,3759,,3678,,3599,,3530,,3457,,3389,,3330,,3272,,3218,,3165,,3109,,3062,,3022,,2976,,2935,,2895,,2858,,2824,,2788,,2755,,2726,,2697,,2669,,2643,,2619,,2596,,2573,,2551,,2528,,2510,,2493,,2473,,2461,,2443,,2429,,2417,,2400,,2388,,2380,,2368,,2361,,2353,,2342,,2336,,2332,,2323,,2319,,2316,,2310,,2309,,2305,,2306,,2307,,2305,,2304,,2308,,2312,,2312,,2315,,2320,,2325,,2333,,2335,,2343,,2350,,2363,,2368,,2379,,2390,,2403,,2416,,2427,,2445,,2460,,2475,,2491,,2514,,2531,,2554,,2571,,2596,,2618,,2645,,2672,,2698,,2727,,2757,,2793,,2827,,2861,,2899,,2939,,2981,,3021,,3071,,3117,,3166,,3219,,3280,,3335,,3397,,3463,,3533,,3604,,3683,,3768,,3850,,3944,,4041,,4149,,4259,,4378,,4509,,4642,,4788,,4948,,5108,,5295,,5496,,5713,,5890,,5846,,5808,,5769,,5734,,5701,,5670,,5645,,5618,,5590,,5568,,5545,,5528,,5511,,5495,,5481,,5468,,5457,,5450,,5441,,5435,,5429,,5430,,5426,,5429,,5432,,5436,,5443,,5449,,5459,,5467,,5482,,5495,,5512,,5530,,5548,,5572,,5595,,5619,,5644,,5673,,5704,,5739,,5777,,5812,,5850,,5895,,5937,,5986,,6035,,6084,,6142,,6199,,6261,,6322,,6389,,6464,,6535,,6612,,6694,,

2811,,2800,,2795,,2788,,2779,,2777,,2770,,2770,,2765,,2764,,2766,,2763,,2767,,2767,,2769,,2770,,2778,,2782,,2790,,2793,,2804,,2811,,2820,,2829,,2840,,2854,,2870,,2884,,2898,,2913,,2933,,2950,,2970,,2988,,3011,,3034,,3057,,3088,,3116,,3140,,3172,,3206,,3236,,3272,,3308,,3346,,3392,,3432,,3478,,3522,,3576,,3623,,3680,,3738,,3800,,3861,,3927,,4004,,4076,,4151,,4239,,4326,,4420,,4514,,4618,,4730,,4851,,4976,,5108,,5250,,5401,,5563,,5739,,5931,,6134,,6347,,6586,,6728,,6677,,6631,,6581,,6542,,6503,,6464,,6429,,6396,,6366,,6339,,6313,,6285,,6268,,6247,,6226,,6213,,6195,,6186,,6174,,6165,,6162,,6155,,6151,,6152,,6152,,6159,,6159,,6167,,6178,,6186,,6198,,6214,,6231,,6248,,6268,,6287,,6313,,6340,,6367,,6402,,6430,,6467,,6502,,6543,,6586,,6634,,6681,,6731,,6786,,6839,,6901,,6963,,7028,,7097,,7166,,7246,,7326,,7410,,7499,,7592,,7686,,7793,,7898,,8010,,8130,,8258,,8386,,8528,,8671,,8823,,8983,,9158,,9339,,9532,,9649,,9516,,9392,,9270,,9156,,9043,,8941,,8843,,8747,,8657,,8572,,8491,,8412,,8341,,8268,,8201,,8137,,8081,,8026,,7970,,7923,,7874,,7832,,7789,,7751,,7714,,2215,,2163,,2116,,

2096,,2100,,2106,,2107,,2114,,2119,,2126,,2134,,2143,,2150,,2158,,2172,,2180,,2194,,2206,,2218,,2235,,2250,,2263,,2284,,2302,,2316,,2338,,2358,,2379,,2406,,2431,,2457,,2480,,2512,,2541,,2571,,2601,,2639,,2676,,2714,,2755,,2797,,2838,,2885,,2934,,2986,,3040,,3000,,2956,,2912,,2868,,2831,,2790,,2754,,2719,,2690,,2654,,2626,,2600,,2574,,2545,,2521,,2495,,2477,,2453,,2436,,2417,,2400,,2383,,2364,,2351,,2335,,2326,,2313,,2302,,2292,,2279,,2268,,2262,,2254,,2246,,2238,,2234,,2232,,2228,,2221,,2222,,2219,,2215,,2215,,2215,,2215,,2220,,2218,,2221,,2223,,2230,,2234,,2241,,2248,,2251,,2257,,2268,,2278,,2285,,2298,,2308,,2319,,2333,,2349,,2359,,2377,,2392,,2411,,2430,,2451,,2470,,2493,,2515,,2540,,2564,,2591,,2619,,2647,,2677,,2709,,2745,,2778,,2816,,2854,,2896,,2942,,2985,,3037,,3086,,3137,,3194,,3255,,3317,,3383,,3453,,3525,,3606,,3687,,3772,,3865,,3967,,4075,,4187,,4307,,4431,,4573,,4723,,4881,,5049,,5243,,5450,,5661,,5913,,6166,,6463,,6785,,7148,,7552,,8009,,8442,,8400,,8367,,8332,,8306,,8279,,8252,,8231,,8213,,8198,,8181,,8172,,8164,,8154,,8151,,8150,,8153,,8153,,8157,,8166,,

2001,,2026,,2057,,2090,,2122,,2162,,2198,,2236,,2278,,2322,,2368,,2418,,2466,,2522,,2583,,2643,,2707,,2779,,2850,,2928,,3012,,3102,,3202,,3302,,3414,,3535,,3665,,3816,,3967,,4140,,4326,,4531,,4755,,5006,,5298,,5609,,5981,,6392,,6874,,7151,,7122,,7103,,7078,,7061,,7045,,7029,,7019,,7010,,7002,,6997,,6995,,6994,,6992,,6998,,7002,,7009,,7019,,7030,,7040,,7058,,7076,,7097,,7120,,7144,,7172,,7199,,7234,,7268,,7305,,7346,,7386,,7429,,7477,,7527,,7580,,7641,,7699,,7762,,7829,,7897,,7972,,8050,,8134,,8219,,8312,,8403,,8505,,8611,,8718,,8836,,8958,,9086,,9220,,9363,,9506,,9661,,9826,,10000,,10185,,10373,,10576,,10788,,11014,,10859,,10712,,10571,,10441,,10317,,10198,,10079,,9972,,9870,,9770,,9679,,9590,,9506,,4529,,4496,,4459,,4424,,4459,,4493,,4531,,8976,,8921,,8875,,8833,,8791,,8755,,8716,,8685,,8657,,8631,,8608,,8587,,8568,,8549,,8537,,8528,,8520,,8512,,8510,,8509,,8510,,8518,,8522,,8532,,8549,,8562,,8579,,8599,,8621,,8650,,8679,,8712,,8744,,8782,,8821,,8866,,8914,,8961,,9013,,9073,,8944,,8576,,8223,,7901,,7614,,7347,,7099,,6868,,6647,,6449,,6268,,6095,,5927,,5781,,5635,,5498,,5372,,5251,,

4901,,4969,,5048,,5127,,5204,,5291,,5383,,5484,,5581,,5680,,5595,,5513,,5439,,5364,,5295,,5224,,5160,,5098,,5042,,4987,,4933,,4881,,4836,,4788,,4748,,4708,,4670,,4630,,4597,,4566,,4533,,4501,,4478,,4449,,4425,,4400,,4381,,4362,,4341,,4329,,4313,,4299,,4285,,4273,,4264,,4257,,4248,,4242,,4237,,4236,,4232,,4233,,4230,,4232,,4234,,4238,,4248,,4254,,4260,,4271,,4281,,4292,,4307,,4321,,4338,,4357,,4378,,4399,,4420,,4442,,4467,,4495,,4528,,4554,,4589,,4625,,4662,,4697,,4738,,4782,,4826,,4873,,4921,,4973,,5029,,5085,,5146,,5209,,5276,,5346,,5421,,5495,,5579,,5666,,5751,,5846,,5951,,6051,,6160,,6276,,6403,,6529,,6664,,6812,,6969,,7134,,7302,,7489,,7504,,7417,,7339,,7264,,7186,,7118,,7055,,6996,,6937,,6878,,6826,,6778,,6729,,6684,,6643,,6605,,6564,,6530,,6498,,6466,,6442,,6415,,6390,,6368,,6349,,6331,,6314,,6300,,6289,,6281,,6275,,6267,,6264,,6260,,6263,,6263,,6266,,6270,,6276,,6288,,6298,,6313,,6327,,6347,,6365,,6387,,6407,,6436,,6461,,6489,,6523,,6557,,6592,,6632,,6673,,6716,,2081,,2006,,2019,,2033,,2052,,2069,,2089,,2110,,2107,,2245,,7399,,7481,,7567,,7661,,7756,,7856,,7961,,

2186,,2172,,2156,,2145,,2127,,2117,,2108,,2093,,2082,,2076,,2067,,2059,,2049,,2044,,2040,,2033,,2028,,2024,,2022,,2019,,2014,,2012,,2014,,2014,,2014,,2016,,2016,,2017,,2020,,2024,,2025,,2031,,2036,,2042,,2047,,2058,,2064,,2072,,2081,,2093,,2104,,2113,,2124,,2137,,2154,,2168,,2180,,2197,,2218,,2235,,2254,,2273,,2295,,2316,,2340,,2363,,2393,,2419,,2448,,2478,,2509,,2540,,2576,,2611,,2649,,2691,,2734,,2783,,2828,,2878,,2930,,2987,,3042,,3103,,3169,,3238,,3310,,3388,,3471,,3559,,3650,,3751,,3854,,3966,,4093,,4223,,4359,,4512,,4681,,4690,,4655,,4621,,4585,,4555,,4528,,4500,,4476,,4450,,4429,,4410,,4388,,4371,,4353,,4341,,4329,,4313,,4305,,4294,,4285,,4282,,4276,,4269,,4268,,4266,,4269,,4265,,4271,,4276,,4278,,4287,,4292,,4303,,4313,,4321,,4334,,4349,,4366,,4386,,4404,,4423,,4444,,4470,,4490,,4517,,4547,,4577,,4612,,4645,,4680,,4712,,4758,,4796,,4841,,4889,,4937,,4985,,5039,,5096,,5158,,5220,,5285,,5352,,5428,,5501,,5580,,5664,,5753,,5843,,5942,,6047,,6149,,6265,,6385,,6517,,6647,,6791,,6937,,7095,,7265,,7450,,7633,,7839,,8054,,8295,,8542,,8803,,9094,,9230,,9151,,9075,,9006,,

2762,,2774,,2789,,2806,,2821,,2843,,2860,,2878,,2900,,2926,,2949,,2970,,2998,,3025,,3053,,3084,,3117,,3152,,3187,,3225,,3266,,3306,,3348,,3398,,3444,,3497,,3545,,3600,,3662,,3725,,3788,,3854,,3929,,4004,,4087,,4169,,4260,,4359,,4458,,4563,,4677,,4798,,4927,,5066,,5214,,5368,,5540,,5719,,5922,,6133,,6136,,6088,,6047,,6004,,5959,,5926,,5886,,5854,,5824,,5793,,5769,,5739,,5716,,5697,,5676,,5660,,5641,,5630,,5614,,5606,,5597,,5586,,5582,,5579,,5577,,5575,,5575,,5581,,5582,,5591,,5596,,5608,,5616,,5633,,5646,,5664,,5681,,5701,,5725,,5747,,5773,,5799,,5832,,5863,,5900,,5935,,5971,,6015,,6055,,6104,,6151,,6200,,6257,,6311,,6374,,6437,,6502,,6569,,6642,,6720,,6799,,6887,,6974,,7068,,7168,,7267,,7378,,7489,,7611,,7735,,7872,,8006,,8155,,8311,,8476,,8648,,8832,,9024,,9237,,9163,,9048,,8941,,8840,,8741,,8653,,8561,,8473,,8393,,1730,,1670,,1679,,1686,,1673,,1676,,1671,,1685,,1673,,1683,,1676,,1687,,1677,,1690,,1683,,1680,,7544,,7520,,7499,,7480,,7461,,7447,,7432,,7419,,7410,,7407,,7399,,7399,,7397,,7404,,7406,,7412,,7421,,7434,,7446,,7466,,7482,,7505,,7527,,7552,,7581,,7612,,7646,,

3342,,3307,,3280,,3249,,3220,,3196,,3171,,3145,,3125,,3104,,3082,,3063,,3048,,3029,,3014,,3003,,2988,,2975,,2962,,2952,,2945,,2935,,2930,,2925,,2918,,2913,,2907,,2907,,2906,,2900,,2902,,2902,,2907,,2906,,2908,,2914,,2918,,2923,,2930,,2938,,2949,,2958,,2970,,2981,,2992,,3008,,3022,,3037,,3053,,3073,,3089,,3110,,3129,,3154,,3178,,3205,,3231,,3256,,3288,,3318,,3354,,3386,,3420,,3459,,3499,,3540,,3586,,3631,,3680,,3733,,3786,,3844,,3901,,3967,,4031,,4103,,4170,,4248,,4330,,4417,,4508,,4603,,4705,,4809,,4923,,5046,,5170,,5309,,5454,,5610,,5774,,5958,,6145,,6359,,6581,,6818,,6821,,6773,,6722,,6678,,6636,,6593,,6552,,6517,,6485,,6453,,6423,,6395,,6368,,6346,,6324,,6306,,6293,,6277,,6261,,6253,,6241,,6233,,6228,,6225,,6226,,6224,,6226,,6234,,6238,,6247,,6254,,6268,,6279,,6296,,6316,,6334,,6356,,6380,,6404,,6435,,6463,,6494,,6532,,6565,,6606,,6647,,6691,,6742,,6789,,6844,,6898,,6957,,7017,,7082,,7152,,7225,,7301,,7380,,7462,,7553,,7647,,7742,,7844,,7947,,8064,,8181,,8306,,8434,,8570,,8713,,8867,,9030,,9202,,9381,,9565,,9522,,9391,,9261,,9139,,9026,,8915,,8812,,8712,,8616,,8531,,

1097,,1092,,1088,,1087,,1080,,1081,,1075,,1077,,1071,,1069,,1070,,1069,,1071,,1069,,1067,,1067,,1068,,1074,,1073,,1076,,1078,,1080,,1084,,1086,,1090,,1094,,1097,,1101,,1106,,1109,,1117,,1121,,1129,,1138,,1145,,1151,,1158,,1166,,1178,,1186,,1197,,1209,,1219,,1232,,1246,,1257,,1272,,1287,,1301,,1319,,1333,,1352,,1369,,1391,,1410,,1430,,1457,,1479,,1504,,1531,,1559,,1589,,1619,,1650,,1686,,1722,,1760,,1802,,1845,,1896,,1944,,1996,,2053,,2114,,2179,,2248,,2321,,2403,,2494,,2587,,2687,,2804,,2925,,2929,,2909,,2891,,2875,,2860,,2849,,2831,,2823,,2812,,2798,,2792,,2783,,2772,,2767,,2762,,2755,,2753,,2750,,2746,,2747,,2745,,2742,,2745,,2746,,2750,,2754,,2756,,2759,,2768,,2771,,2780,,2790,,2800,,2809,,2818,,2833,,2845,,2859,,2874,,2891,,2907,,2928,,2943,,2965,,2987,,3009,,3035,,3061,,3089,,3114,,3147,,3179,,3209,,3243,,3280,,3319,,3358,,3399,,3448,,3490,,3542,,3595,,3644,,3703,,3763,,3825,,3892,,3963,,4038,,4116,,4194,,4282,,4373,,4473,,4575,,4686,,4798,,4923,,5051,,5196,,5345,,5505,,5672,,5857,,6059,,6280,,6513,,6765,,7039,,7339,,7672,,8037,,8440,,8889,,9411,,9538,,9494,,9450,,

2312,,2341,,2369,,2399,,2426,,2464,,2498,,2532,,2568,,2612,,2651,,2695,,2744,,2792,,2843,,2897,,2957,,3019,,3084,,3152,,3223,,3303,,3386,,3471,,3562,,3661,,3768,,3882,,4002,,4134,,4278,,4423,,4591,,4765,,4965,,5177,,5407,,5669,,5949,,6268,,6522,,6484,,6456,,6424,,6401,,6374,,6356,,6334,,6316,,6300,,6284,,6270,,6260,,6254,,6245,,6243,,6237,,6238,,6240,,6243,,6246,,6253,,6261,,6271,,6285,,6296,,6315,,6330,,6353,,6374,,6397,,6423,,6453,,6484,,6518,,6553,,6589,,6632,,6677,,6718,,6768,,6817,,6870,,6928,,6986,,7051,,7116,,7185,,7260,,7338,,7418,,7501,,7594,,7686,,7783,,7885,,7995,,8108,,8230,,8356,,8491,,8629,,8779,,8930,,9092,,9267,,9453,,9642,,9844,,10056,,10221,,10091,,9961,,9841,,9730,,9623,,9520,,9418,,9322,,9237,,9156,,9070,,8994,,8923,,8857,,8793,,8731,,8672,,8617,,8565,,3884,,3862,,3847,,3805,,3851,,3876,,3924,,8263,,8237,,8218,,8195,,8178,,8163,,8151,,8143,,8132,,8127,,8125,,8126,,8129,,8135,,8139,,8153,,8164,,8175,,8197,,8214,,8237,,8261,,8289,,8321,,8355,,8389,,8427,,8469,,8513,,8563,,8612,,8668,,8725,,8788,,8848,,8919,,8992,,9033,,8728,,8447,,8184,,7931,,7711,,7491,,

4279,,4331,,4381,,4438,,4497,,4556,,4618,,4684,,4757,,4834,,4910,,4994,,5079,,5169,,5083,,5005,,4927,,4858,,4788,,4720,,4659,,4601,,4543,,4488,,4438,,4389,,4342,,4301,,4259,,4221,,4180,,4144,,4112,,4079,,4049,,4021,,3993,,3968,,3940,,3922,,3898,,3878,,3858,,3841,,3828,,3811,,3798,,3789,,3776,,3765,,3758,,3748,,3744,,3739,,3734,,3729,,3730,,3729,,3732,,3730,,3735,,3736,,3742,,3747,,3755,,3762,,3776,,3785,,3799,,3808,,3825,,3841,,3858,,3878,,3894,,3916,,3943,,3966,,3989,,4015,,4047,,4077,,4107,,4144,,4175,,4216,,4253,,4298,,4340,,4389,,4437,,4484,,4540,,4593,,4654,,4716,,4782,,4848,,4921,,4993,,5074,,5157,,5244,,5343,,5437,,5544,,5646,,5760,,5884,,6012,,6150,,6290,,6443,,6608,,6781,,6965,,7165,,7381,,7438,,7365,,7301,,7236,,7173,,7116,,7061,,7010,,6961,,6914,,6873,,6830,,6792,,6756,,6722,,6691,,6661,,6636,,6614,,6592,,6572,,6554,,6537,,6521,,6512,,6500,,6494,,6486,,6484,,6481,,6481,,6484,,6484,,6492,,6501,,6512,,6522,,6536,,6553,,6571,,6587,,6610,,6637,,6659,,6688,,6720,,6753,,6788,,6825,,6867,,6910,,6956,,7008,,7060,,7113,,7170,,7228,,7294,,7359,,7431,,7503,,2482,,2435,,

767,,769,,766,,763,,766,,766,,762,,762,,765,,764,,764,,767,,768,,766,,771,,773,,775,,776,,779,,783,,786,,789,,792,,794,,801,,804,,809,,813,,819,,825,,833,,836,,842,,854,,859,,865,,875,,883,,895,,904,,913,,925,,935,,946,,959,,971,,984,,997,,1014,,1029,,1049,,1063,,1081,,1103,,1122,,1146,,1169,,1194,,1219,,1245,,1273,,1304,,1338,,1369,,1408,,1444,,1488,,1529,,1582,,1634,,1684,,1750,,1813,,1882,,1959,,2046,,2136,,2241,,2352,,2477,,2617,,2775,,2954,,3163,,3397,,3672,,4003,,4273,,4260,,4251,,4239,,4234,,4223,,4221,,4212,,4213,,4207,,4207,,4211,,4212,,4215,,4216,,4226,,4229,,4237,,4247,,4260,,4273,,4283,,4301,,4318,,4332,,4354,,4374,,4398,,4422,,4446,,4471,,4503,,4534,,4566,,4600,,4634,,4672,,4712,,4757,,4801,,4849,,4900,,4950,,5003,,5059,,5121,,5182,,5254,,5323,,5394,,5470,,5553,,5635,,5726,,5820,,5923,,6027,,6138,,6252,,6368,,6503,,6639,,6783,,6937,,7104,,7267,,7455,,7653,,7860,,8076,,8320,,8571,,8848,,9139,,9459,,9802,,10185,,10327,,10251,,10179,,10116,,10049,,9987,,9935,,9880,,9832,,9784,,9744,,9705,,9669,,9636,,9609,,9579,,9556,,

4050,,4097,,4138,,4182,,4230,,4281,,4333,,4392,,4447,,4513,,4577,,4644,,4712,,4786,,4865,,4950,,5035,,5128,,5228,,5328,,5441,,5551,,5669,,5797,,5935,,6084,,6237,,6396,,6576,,6755,,6956,,7173,,7405,,7516,,7446,,7385,,7327,,7268,,7219,,7170,,7117,,7076,,7034,,6991,,6954,,6923,,6892,,6861,,6831,,6809,,6785,,6765,,6748,,6729,,6717,,6704,,6694,,6684,,6677,,6676,,6672,,6674,,6677,,6677,,6686,,6692,,6704,,6716,,6728,,6744,,6763,,6786,,6810,,6834,,6859,,6892,,6923,,6958,,6994,,7031,,1943,,1913,,1875,,1849,,1821,,1793,,1741,,1718,,1705,,1650,,1669,,1684,,1699,,7895,,7983,,8076,,8172,,8277,,8386,,8498,,8619,,8741,,8873,,9014,,9160,,9309,,9215,,9065,,8915,,8779,,8640,,8514,,8398,,8282,,8172,,8068,,7970,,7877,,7786,,7703,,7618,,7544,,7471,,7401,,7334,,7270,,7213,,7158,,7104,,7053,,7002,,6960,,6916,,6878,,6839,,6805,,6769,,6742,,6715,,6687,,6664,,6645,,6625,,6608,,6592,,6580,,6569,,6558,,6553,,6546,,6544,,6542,,6544,,6546,,6551,,6555,,6567,,6577,,6592,,6604,,6621,,6640,,6663,,6687,,6714,,6742,,6768,,6801,,6838,,6875,,6915,,6954,,7002,,7051,,7101,,7149,,7208,,7270,,7329,,7396,,7405,,

4778,,4826,,4874,,4928,,4984,,5042,,5108,,5171,,5240,,5313,,5389,,5469,,5555,,5640,,5734,,5831,,5932,,6042,,6160,,6282,,6402,,6539,,6684,,6837,,6924,,6837,,6754,,6678,,6605,,6532,,6466,,6404,,6339,,6282,,6227,,6175,,6126,,6080,,6037,,5995,,5952,,5914,,5881,,5849,,5818,,5790,,5763,,5739,,5712,,5695,,5675,,5656,,5639,,5627,,5616,,5604,,5597,,5588,,5585,,5580,,5581,,5579,,741,,740,,702,,700,,643,,642,,607,,608,,586,,547,,550,,543,,502,,493,,499,,484,,463,,464,,466,,450,,430,,413,,395,,393,,396,,401,,406,,409,,411,,416,,420,,427,,428,,437,,441,,447,,454,,7108,,7206,,7313,,7420,,7532,,7656,,7787,,7923,,8066,,8060,,7933,,7812,,7701,,7589,,7488,,7392,,7297,,7206,,7121,,7040,,6967,,6893,,6821,,6757,,6693,,6633,,6574,,6523,,6470,,6422,,6379,,6335,,6293,,6252,,6217,,6183,,6151,,6123,,6097,,6071,,6049,,6027,,6005,,5991,,5974,,5962,,5949,,5938,,5928,,5924,,5922,,5917,,5918,,5918,,5919,,5925,,5930,,5937,,5946,,5959,,5974,,5988,,6008,,6026,,6044,,6068,,6096,,6121,,6153,,6182,,6214,,6251,,6291,,6332,,6372,,6421,,6466,,6518,,6575,,6632,,6692,,6750,,

4157,,4154,,4156,,4155,,4154,,4157,,4159,,4162,,4168,,4175,,4180,,4190,,4203,,4213,,4225,,4242,,4258,,4276,,4296,,4314,,4335,,4357,,4383,,4412,,4439,,4468,,4500,,4532,,4568,,4606,,4647,,4688,,4731,,4778,,4827,,4878,,4929,,4983,,5047,,5110,,5171,,5242,,5314,,5389,,5467,,5554,,5641,,5728,,5826,,5931,,6038,,6149,,6270,,6395,,6531,,6670,,6821,,6923,,6832,,6753,,6671,,6594,,6523,,6457,,6391,,6334,,6273,,6219,,6165,,6117,,6066,,6026,,5981,,5942,,5907,,5869,,5836,,5802,,5773,,5749,,5721,,5700,,5681,,5657,,5644,,5627,,5614,,5599,,5587,,5581,,5574,,5567,,5567,,5564,,5563,,721,,680,,681,,625,,623,,611,,586,,587,,535,,530,,531,,503,,477,,479,,480,,451,,442,,446,,444,,425,,403,,386,,372,,372,,379,,379,,384,,388,,392,,394,,398,,403,,410,,412,,419,,422,,430,,7064,,7162,,7269,,7379,,7491,,7612,,7737,,7873,,8015,,8068,,7946,,7820,,7709,,7598,,7497,,7396,,7302,,7212,,7124,,7046,,6967,,6892,,6820,,6756,,6689,,6630,,6574,,6519,,6468,,6417,,6372,,6329,,6289,,6253,,6213,,6178,,6147,,6118,,6092,,6066,,6041,,6019,,5998,,5985,,5965,,5950,,5942,,5931,,5922,,

4474,,4444,,4412,,4385,,4360,,4336,,4312,,4292,,4274,,4254,,4240,,4221,,4208,,4194,,4186,,4177,,4169,,4160,,4154,,4150,,4144,,4143,,4141,,4140,,4144,,4148,,4150,,4155,,4162,,4168,,4177,,4187,,4201,,4212,,4228,,4242,,4259,,4282,,4299,,4321,,4343,,4368,,4395,,4424,,4452,,4483,,4515,,4553,,4588,,4630,,4672,,4713,,4759,,4807,,4857,,4908,,4966,,5022,,5085,,5148,,5216,,5288,,5364,,5439,,5521,,5607,,5698,,5797,,5897,,6006,,6116,,6237,,6359,,6493,,6631,,6782,,6898,,6813,,6727,,6649,,6572,,6501,,6435,,6370,,6307,,6249,,6194,,6143,,6091,,6044,,6001,,5959,,5918,,5881,,5844,,5809,,5779,,5753,,5723,,5698,,5676,,5652,,5634,,5619,,5598,,5587,,5574,,5565,,5555,,5548,,5541,,5538,,5533,,5534,,5536,,694,,693,,656,,650,,600,,599,,561,,562,,558,,507,,506,,506,,485,,454,,454,,455,,446,,423,,419,,423,,418,,405,,386,,372,,361,,351,,355,,360,,363,,368,,372,,375,,380,,385,,389,,393,,399,,404,,411,,418,,7437,,7551,,7682,,7814,,7951,,8095,,7978,,7853,,7737,,7631,,7524,,7421,,7328,,7236,,7151,,7070,,6988,,6918,,6843,,6777,,6716,,6655,,6594,,6544,,6487,,6440,,

7586,,7291,,6983,,6711,,6455,,6232,,6012,,5818,,5628,,5454,,5301,,5152,,5009,,4881,,4757,,4644,,4535,,4432,,4338,,4249,,4159,,4075,,4003,,3927,,3860,,3793,,3732,,3668,,3615,,3560,,3510,,3462,,3414,,3372,,3328,,3288,,3249,,3216,,3183,,3146,,3116,,3087,,3058,,3034,,3006,,2984,,2959,,2937,,2917,,2901,,2883,,2863,,2846,,2830,,2819,,2805,,2796,,2783,,2772,,2761,,2754,,2747,,2743,,2738,,2732,,2726,,2725,,2721,,2718,,2716,,2720,,2719,,2719,,2725,,2726,,2729,,2736,,2741,,2750,,2755,,2763,,2774,,2784,,2794,,2809,,2822,,2832,,2850,,2866,,2884,,2900,,2920,,2940,,2962,,2984,,3007,,3033,,3063,,3088,,3121,,3152,,3186,,3217,,3253,,3290,,3330,,3373,,3419,,3463,,3512,,3567,,3617,,3673,,3731,,3797,,3861,,3930,,4006,,4081,,4164,,4101,,4042,,3987,,3936,,3888,,3837,,3795,,3753,,3711,,3671,,3632,,3597,,3566,,3533,,3504,,3477,,3448,,3422,,3395,,3372,,3351,,3333,,3313,,3294,,3279,,3262,,3246,,3235,,3221,,3210,,3201,,3194,,3182,,3177,,3170,,3164,,3162,,3155,,3155,,3153,,3153,,3154,,3153,,3155,,3160,,3164,,3170,,3178,,3186,,3191,,3200,,3210,,3224,,3235,,3250,,3263,,3279,,3296,,3313,,3331,,3355,,

8863,,8782,,8709,,8636,,8574,,8510,,8447,,8393,,8339,,8286,,8239,,8196,,8155,,8115,,8080,,8047,,8017,,7988,,7963,,7942,,7922,,7902,,7885,,7873,,7862,,7856,,7851,,7845,,7847,,7848,,7852,,5702,,4325,,3469,,2916,,2508,,2193,,1956,,1762,,1612,,1479,,1370,,1271,,1192,,1121,,1052,,999,,949,,900,,859,,822,,788,,759,,733,,702,,679,,660,,637,,618,,599,,585,,565,,555,,541,,528,,512,,504,,493,,481,,471,,461,,454,,443,,438,,429,,425,,416,,407,,405,,398,,391,,387,,380,,379,,371,,368,,362,,362,,355,,354,,349,,348,,344,,339,,340,,334,,332,,331,,327,,325,,326,,324,,321,,317,,319,,315,,314,,315,,315,,311,,311,,313,,309,,309,,307,,309,,311,,310,,309,,306,,308,,308,,306,,310,,311,,310,,310,,313,,310,,316,,315,,314,,319,,316,,320,,323,,322,,326,,325,,331,,330,,335,,338,,337,,343,,343,,347,,352,,356,,359,,363,,366,,370,,372,,379,,382,,388,,392,,401,,404,,410,,419,,425,,434,,438,,445,,453,,463,,476,,482,,494,,503,,518,,528,,543,,554,,570,,588,,603,,622,,641,,

2384,,2385,,2381,,2384,,2385,,2386,,2386,,2387,,2392,,2395,,2402,,2409,,2416,,2422,,2428,,2437,,2446,,2459,,2468,,2482,,2492,,2506,,2523,,2535,,2551,,2570,,2589,,2606,,2629,,2652,,2675,,2697,,2723,,2751,,2780,,2810,,2839,,2870,,2908,,2944,,2983,,3020,,3061,,3109,,3153,,3202,,3254,,3309,,3366,,3421,,3488,,3555,,3620,,3697,,3774,,3861,,3950,,4036,,4137,,4243,,4356,,4475,,4598,,4739,,4884,,5046,,5214,,5395,,5587,,5814,,6041,,6296,,6583,,6881,,7222,,7596,,8034,,8511,,9047,,9662,,9737,,9699,,9664,,9632,,9606,,9579,,9556,,9537,,9517,,9506,,9491,,9484,,9480,,9476,,9478,,9481,,9490,,9495,,9510,,9523,,9542,,9562,,9587,,9613,,9641,,9674,,9709,,9748,,9793,,9837,,9887,,9939,,9997,,10056,,10122,,10186,,10259,,10336,,10416,,10501,,10587,,10682,,10782,,10884,,10995,,11111,,11231,,4349,,4340,,4462,,4573,,11933,,12096,,12267,,12117,,11883,,11652,,11433,,11227,,11042,,10852,,10677,,10514,,10352,,10200,,10058,,9924,,9796,,9671,,9554,,9441,,9334,,9232,,9137,,9043,,8957,,8876,,8796,,8720,,8650,,8583,,8518,,8459,,8398,,8345,,8295,,8248,,8204,,8162,,8125,,8088,,8054,,8028,,7996,,7972,,7951,,7930,,7910,,7895,,7882,,7872,,

2222,,2219,,2221,,2217,,2218,,2218,,2224,,2225,,2228,,2232,,2236,,2240,,2246,,2255,,2260,,2270,,2278,,2285,,2299,,2306,,2319,,2334,,2346,,2361,,2378,,2391,,2410,,2429,,2450,,2466,,2491,,2511,,2534,,2562,,2590,,2617,,2646,,2675,,2704,,2740,,2774,,2811,,2850,,2893,,2934,,2981,,3028,,3079,,3130,,3187,,3247,,3307,,3372,,3438,,3511,,3589,,3670,,3760,,3853,,3949,,4054,,4166,,4284,,4410,,4551,,4697,,4852,,5021,,5206,,5409,,5622,,5866,,6124,,6412,,6537,,6500,,6459,,6427,,6397,,6367,,6337,,6315,,6293,,6273,,6254,,6236,,6221,,6207,,6198,,6186,,6179,,6176,,6170,,6168,,6169,,6174,,6178,,6183,,6188,,6201,,6211,,6226,,6241,,6256,,6275,,6297,,6323,,6349,,6376,,6403,,6436,,6469,,6509,,6549,,6587,,6635,,6677,,6730,,6783,,6833,,6894,,6956,,7019,,7088,,7157,,7236,,7313,,7392,,7484,,7572,,7670,,7768,,7876,,7984,,8100,,8227,,8352,,8489,,8636,,8785,,8943,,9111,,9288,,9474,,9674,,9876,,10099,,9996,,9875,,9751,,9637,,9531,,9426,,9328,,9235,,9145,,9059,,8976,,8902,,8829,,8759,,8694,,8633,,8575,,8521,,8473,,8420,,8377,,8335,,8296,,8261,,8227,,8192,,2750,,2681,,2610,,2566,,2600,,8064,,8048,,8037,,

2020,,2021,,2019,,2020,,2021,,2021,,2022,,2027,,2027,,2033,,2035,,2042,,2045,,2051,,2059,,2063,,2074,,2084,,2093,,2102,,2114,,2122,,2135,,2148,,2164,,2180,,2195,,2212,,2228,,2246,,2268,,2288,,2311,,2330,,2354,,2380,,2410,,2432,,2464,,2497,,2527,,2563,,2598,,2635,,2672,,2711,,2756,,2803,,2849,,2904,,2955,,2937,,2893,,2850,,2810,,2767,,2733,,2695,,2665,,2630,,2604,,2572,,2548,,2520,,2494,,2473,,2450,,2426,,2409,,2388,,2370,,2353,,2337,,2323,,2307,,2296,,2280,,2270,,2258,,2247,,2239,,2229,,2221,,2215,,2207,,2202,,2193,,2192,,2189,,2185,,2182,,2181,,2180,,2176,,2180,,2177,,2182,,2180,,2184,,2189,,2192,,2197,,2202,,2206,,2216,,2223,,2231,,2238,,2252,,2261,,2270,,2283,,2296,,2310,,2324,,2341,,2356,,2377,,2396,,2414,,2434,,2456,,2477,,2501,,2525,,2551,,2582,,2609,,2640,,2675,,2708,,2745,,2779,,2818,,2861,,2905,,2947,,2996,,3047,,3099,,3158,,3217,,3277,,3343,,3416,,3486,,3566,,3645,,3735,,3826,,3928,,4032,,4145,,4265,,4394,,4532,,4686,,4845,,5024,,5208,,5416,,5629,,5879,,6145,,6443,,6770,,7130,,7543,,8008,,8503,,8463,,8427,,8398,,8366,,8343,,8317,,8298,,8278,,8264,,8249,,8237,,

643,,632,,623,,613,,607,,601,,591,,588,,579,,573,,565,,562,,555,,549,,547,,540,,537,,535,,529,,526,,525,,519,,517,,512,,510,,511,,508,,502,,502,,500,,497,,496,,497,,497,,495,,495,,492,,492,,492,,493,,488,,490,,490,,493,,493,,493,,493,,493,,497,,496,,498,,497,,502,,505,,503,,507,,510,,510,,516,,519,,519,,524,,527,,530,,537,,541,,542,,547,,553,,558,,566,,567,,573,,582,,587,,594,,604,,609,,617,,627,,634,,645,,653,,664,,673,,687,,701,,712,,727,,740,,753,,771,,787,,805,,822,,840,,863,,888,,910,,935,,960,,991,,1024,,1058,,1092,,1130,,1175,,1219,,1271,,1325,,1388,,1454,,1526,,1610,,1707,,1809,,1923,,2058,,2222,,2403,,2625,,2889,,3208,,3615,,4134,,4851,,5831,,7331,,8191,,8185,,8182,,8182,,8180,,8187,,8190,,8203,,8211,,8229,,8243,,8264,,8287,,8309,,8334,,8367,,8397,,8434,,8473,,8514,,8556,,8602,,8656,,8706,,8765,,8824,,8888,,8957,,9027,,9101,,9183,,9264,,9355,,9444,,9542,,9643,,9755,,9862,,9983,,10102,,10235,,10375,,10517,,10667,,10827,,10995,,11173,,11353,,11550,,11752,,11975,,12201,,12442,,

4591,,4702,,4814,,4933,,5063,,5203,,5346,,5501,,5665,,5851,,6041,,6250,,6480,,6717,,6989,,7283,,7336,,7287,,7244,,7197,,7160,,7121,,7084,,7049,,7021,,6993,,6968,,6941,,6922,,6899,,6885,,6867,,6857,,6846,,6835,,6828,,6826,,6820,,6823,,6825,,6829,,6834,,6838,,6849,,6865,,6875,,6893,,6911,,6933,,6951,,6977,,7006,,7034,,7068,,7103,,7139,,7181,,7221,,7266,,7314,,7364,,7416,,7472,,7534,,7598,,7663,,7734,,7807,,7883,,7965,,8048,,8139,,8238,,8335,,8439,,8547,,8660,,8783,,8909,,9041,,9181,,9328,,9482,,9650,,9823,,9926,,9771,,9623,,9481,,9350,,9220,,9097,,8977,,8870,,8762,,8666,,3351,,3319,,3280,,3251,,3218,,3235,,3250,,3267,,3289,,7894,,7836,,7786,,7732,,7687,,7639,,7600,,7560,,7522,,7486,,7457,,7429,,7398,,7377,,7355,,7337,,7320,,7301,,7290,,7282,,7271,,7266,,7263,,7262,,7259,,7262,,7268,,7275,,7283,,7297,,7312,,7326,,7345,,7365,,7389,,7411,,7442,,7470,,7507,,7540,,7575,,7620,,7663,,7710,,7758,,7808,,7867,,7926,,7988,,7909,,7633,,7378,,7140,,6921,,6714,,6529,,6348,,6183,,6023,,5877,,5735,,5606,,5482,,5367,,5260,,5155,,5059,,4964,,4872,,4792,,4711,,4637,,4562,,4494,,4433,,4369,,

5607,,5507,,5412,,5320,,5237,,5152,,5076,,5002,,4933,,4869,,4804,,4746,,4687,,4631,,4579,,4528,,4479,,4439,,4395,,4353,,4315,,4277,,4246,,4208,,4176,,4148,,4119,,4097,,4068,,4045,,4027,,4005,,3988,,3969,,3952,,3937,,3924,,3911,,3899,,3889,,3882,,3873,,3870,,3863,,3860,,3858,,3853,,3855,,3855,,3858,,3859,,3867,,3871,,3880,,3886,,3896,,3904,,3917,,3931,,3941,,3959,,3976,,3995,,4012,,4032,,4058,,4080,,4103,,4128,,4161,,4188,,4223,,4257,,4292,,4327,,4364,,4412,,4453,,4501,,4543,,4599,,4651,,4708,,4767,,4829,,4891,,4958,,5029,,5105,,5182,,5267,,5353,,5443,,5540,,5641,,5751,,5864,,5986,,5902,,5819,,5746,,5669,,5603,,5535,,5469,,5409,,5352,,5300,,5247,,5196,,5149,,5102,,5060,,5021,,4985,,4947,,4913,,4883,,4850,,4823,,4798,,4768,,4748,,4727,,4705,,4687,,4673,,4654,,4641,,4628,,4618,,4609,,4600,,4592,,4586,,4583,,4582,,4579,,4580,,4582,,4584,,4591,,4598,,4601,,4612,,4621,,4632,,4648,,4660,,4677,,4695,,4712,,4736,,4755,,4779,,4807,,4831,,4861,,4891,,4925,,4963,,4999,,5037,,5078,,5118,,5165,,5217,,5263,,5316,,5371,,5429,,5496,,5556,,5624,,5699,,5772,,5852,,5934,,6020,,6113,,6207,,

1974,,1969,,1960,,1955,,1952,,1947,,1947,,1941,,1940,,1936,,1934,,1934,,1935,,1935,,1937,,1937,,1939,,1943,,1946,,1952,,1955,,1962,,1968,,1973,,1981,,1990,,1995,,2006,,2017,,2026,,2035,,2048,,2062,,2077,,2089,,2107,,2121,,2141,,2158,,2176,,2194,,2215,,2238,,2264,,2287,,2312,,2341,,2366,,2397,,2427,,2459,,2494,,2531,,2569,,2610,,2648,,2696,,2740,,2790,,2840,,2895,,2957,,3017,,3079,,3150,,3221,,3297,,3377,,3465,,3553,,3653,,3757,,3874,,3995,,4125,,4261,,4408,,4577,,4752,,4945,,5124,,5092,,5057,,5028,,4998,,4970,,4946,,4921,,4899,,4876,,4861,,4841,,4826,,4814,,4801,,4789,,4780,,4771,,4764,,4757,,4756,,4753,,4751,,4753,,4755,,4760,,4762,,4771,,4777,,4788,,4794,,4810,,4824,,4839,,4854,,4874,,4893,,4914,,4937,,4963,,4991,,5016,,5049,,5079,,5116,,5153,,5191,,5231,,5275,,5318,,5366,,5415,,5469,,5524,,5585,,5647,,5710,,5778,,5848,,5924,,6001,,6081,,6169,,6261,,6354,,6458,,6566,,6678,,6790,,6911,,7046,,7186,,7328,,7483,,7640,,7817,,8004,,8191,,8398,,8615,,8850,,9101,,9363,,9334,,9241,,9157,,9078,,9002,,8928,,8857,,8795,,8734,,8674,,8619,,8567,,8519,,8478,,8433,,8395,,8356,,8323,,

1754,,1717,,1680,,1645,,1615,,1584,,1556,,1525,,1500,,1477,,1453,,1433,,1407,,1388,,1371,,1352,,1332,,1320,,1300,,1289,,1275,,1257,,1244,,1235,,1223,,1211,,1201,,1190,,1182,,1171,,1162,,1155,,1147,,1139,,1136,,1129,,1123,,1115,,1110,,1107,,1102,,1096,,1093,,1093,,1086,,1086,,1082,,1082,,1079,,1077,,1080,,1078,,1077,,1078,,1076,,1078,,1077,,1082,,1080,,1083,,1088,,1089,,1094,,1095,,1097,,1102,,1106,,1114,,1120,,1124,,1130,,1138,,1144,,1152,,1157,,1164,,1176,,1182,,1195,,1205,,1216,,1223,,1239,,1252,,1262,,1274,,1292,,1307,,1323,,1339,,1356,,1373,,1394,,1413,,1437,,1457,,1480,,1509,,1532,,1559,,1590,,1622,,1653,,1688,,1726,,1766,,1804,,1849,,1891,,1942,,1997,,2052,,2110,,2176,,2241,,2317,,2394,,2480,,2574,,2676,,2787,,2909,,3043,,3190,,3347,,3525,,3734,,3962,,4215,,4515,,4860,,5262,,5736,,6317,,7033,,7915,,8657,,8642,,8625,,8615,,8607,,8599,,8595,,8596,,8598,,8603,,8608,,8620,,8628,,8644,,8663,,8683,,8705,,8730,,8756,,8787,,8824,,8859,,8899,,8943,,8989,,9040,,9094,,9148,,9211,,9271,,9337,,9405,,9485,,9565,,9647,,9734,,9823,,9920,,10023,,10130,,10244,,10357,,10486,,10615,,10751,,

8022,,8024,,8029,,8039,,8052,,8062,,8077,,8099,,8117,,8144,,8167,,8197,,8226,,8261,,8297,,8336,,8380,,8427,,8475,,8527,,8580,,8641,,8701,,8767,,8838,,8909,,8985,,9066,,9148,,9244,,9334,,9430,,9537,,9643,,9761,,9877,,10006,,10141,,10279,,10427,,10576,,10738,,10910,,11093,,11284,,11477,,11685,,11913,,12146,,11988,,11815,,11648,,11495,,11344,,11205,,11067,,10937,,10817,,4302,,4272,,4446,,10384,,10293,,10201,,10112,,10034,,9955,,9885,,9814,,9748,,9688,,9628,,9573,,9527,,9480,,9432,,9395,,9358,,9319,,9289,,9261,,9238,,9215,,9192,,9179,,9163,,9151,,9145,,9135,,9136,,9133,,9136,,9140,,9152,,9158,,9174,,9191,,9209,,9232,,9255,,9284,,9316,,9350,,8827,,8228,,7710,,7244,,6843,,6491,,6160,,5869,,5606,,5371,,5155,,4952,,4771,,4603,,4448,,4302,,4167,,4044,,3929,,3820,,3717,,3622,,3531,,3450,,3369,,3292,,3223,,3156,,3097,,3033,,2979,,2924,,2875,,2827,,2777,,2734,,2693,,2655,,2618,,2581,,2545,,2515,,2486,,2454,,2426,,2401,,2375,,2350,,2328,,2308,,2288,,2265,,2248,,2232,,2212,,2198,,2184,,2170,,2156,,2142,,2133,,2122,,2108,,2103,,2091,,2083,,2077,,2070,,2065,,2058,,2054,,2050,,2045,,2041,,2041,,2038,,2038,,2035,,

8077,,8079,,8085,,8096,,8104,,8119,,2230,,2215,,2224,,2251,,2275,,2305,,2313,,2346,,2376,,2406,,2421,,8482,,8531,,8582,,8638,,8700,,8758,,8828,,8899,,8970,,9044,,9126,,9214,,9303,,9396,,9496,,9599,,9709,,9826,,9805,,9573,,9356,,9155,,8960,,8777,,8603,,8440,,8284,,8139,,8001,,7868,,7744,,7621,,7511,,7401,,7298,,7205,,7107,,7019,,6937,,6858,,6782,,6709,,6638,,6574,,6510,,6446,,6390,,6340,,6289,,6240,,6192,,6150,,6108,,6070,,6034,,6002,,5969,,5939,,5914,,5886,,5861,,5842,,5824,,5805,,5787,,5776,,5761,,5752,,5742,,5734,,5731,,5725,,5726,,5724,,5725,,5729,,5735,,5738,,5750,,5759,,5771,,5785,,5799,,5818,,5838,,5861,,5884,,5908,,5934,,5964,,5994,,6028,,5991,,5713,,5461,,5220,,5014,,4820,,4644,,4478,,4328,,4189,,4059,,3939,,3820,,3718,,3619,,3526,,3440,,3354,,3280,,3207,,3140,,3069,,3011,,2951,,2901,,2844,,2794,,2749,,2706,,2660,,2621,,2585,,2547,,2515,,2479,,2449,,2417,,2386,,2361,,2334,,2313,,2288,,2266,,2244,,2223,,2203,,2189,,2170,,2156,,2139,,2122,,2112,,2096,,2085,,2071,,2064,,2051,,2045,,2035,,2026,,2021,,2013,,2006,,2004,,1998,,1994,,1989,,1987,,1985,,1987,,1984,,1982,,

11119,,10926,,10742,,10562,,10398,,10238,,10090,,9948,,9811,,9682,,9561,,9443,,9328,,9226,,9119,,9025,,8936,,8845,,8761,,8684,,8610,,8539,,8467,,8406,,8348,,8289,,8238,,8186,,8137,,8093,,8050,,8013,,7976,,7942,,7913,,7885,,7858,,7839,,7817,,7798,,7782,,7770,,7756,,7748,,7744,,7741,,7738,,7739,,7740,,7746,,7757,,7766,,7776,,7792,,7811,,7828,,7853,,7877,,7907,,7933,,7773,,7258,,6814,,6417,,6078,,5763,,5483,,5232,,5004,,4791,,4605,,4431,,4270,,4122,,3987,,3862,,3742,,3630,,3524,,3430,,3339,,3258,,3179,,3104,,3030,,2965,,2902,,2846,,2790,,2736,,2687,,2639,,2593,,2549,,2508,,2471,,2432,,2399,,2365,,2336,,2304,,2272,,2245,,2220,,2196,,2171,,2151,,2127,,2105,,2087,,2071,,2052,,2036,,2018,,2002,,1991,,1977,,1963,,1954,,1943,,1935,,1924,,1916,,1904,,1899,,1890,,1885,,1879,,1875,,1866,,1867,,1862,,1856,,1858,,1853,,1855,,1850,,1850,,1854,,1856,,1857,,1856,,1859,,1865,,1868,,1873,,1876,,1884,,1886,,1898,,1905,,1912,,1919,,1927,,1941,,1951,,1961,,1974,,1987,,2000,,2017,,2031,,2047,,2064,,2085,,2103,,2120,,2145,,2167,,2190,,2215,,2239,,2263,,2294,,2322,,2357,,2389,,2421,,2460,,2499,,2536,,

10060,,10116,,10172,,10233,,10296,,10363,,10438,,10512,,10595,,10682,,10775,,10868,,10967,,11072,,11182,,11300,,11422,,11311,,11021,,10747,,10495,,10248,,10026,,9810,,9602,,9413,,9232,,9060,,8899,,8746,,8602,,8458,,8325,,8200,,8080,,7968,,7857,,7751,,7656,,7560,,7474,,7386,,7308,,7232,,7159,,7090,,7020,,6958,,6899,,6843,,6789,,6739,,6690,,6645,,6601,,6560,,6523,,6491,,6456,,6424,,6397,,6369,,6346,,6322,,6303,,6284,,6267,,6252,,6243,,6230,,6221,,6217,,6212,,6207,,6208,,6209,,6211,,6214,,6222,,6234,,5642,,4857,,4248,,3773,,3396,,3100,,2838,,2623,,2438,,2285,,2142,,2018,,1907,,1815,,1725,,1645,,1573,,1508,,1448,,1396,,1343,,1298,,1256,,1216,,1179,,1145,,1114,,1084,,1054,,1029,,1004,,982,,958,,937,,914,,897,,879,,866,,845,,831,,820,,805,,793,,778,,767,,757,,746,,735,,727,,719,,710,,699,,694,,687,,679,,671,,666,,658,,653,,649,,642,,639,,633,,628,,625,,622,,619,,616,,611,,610,,605,,602,,602,,596,,598,,594,,593,,591,,592,,586,,589,,587,,585,,584,,584,,588,,588,,587,,585,,589,,589,,588,,591,,592,,595,,598,,595,,599,,600,,603,,606,,

9624,,9864,,10113,,10391,,10681,,10986,,11316,,11424,,11319,,11217,,11124,,11032,,10943,,10866,,10788,,10711,,10643,,10581,,10516,,10464,,10408,,4956,,5004,,10270,,10233,,10195,,10161,,10134,,10107,,10088,,10067,,10050,,10034,,10027,,10017,,10016,,10014,,10017,,10020,,10029,,10039,,10050,,10067,,10087,,10113,,10137,,10169,,10203,,10235,,10274,,10316,,10362,,10418,,10471,,10526,,10586,,10653,,10722,,10797,,10870,,10946,,10533,,10149,,9810,,9483,,9192,,8907,,8641,,8402,,8174,,7968,,7763,,7579,,7402,,7234,,7078,,6928,,6790,,6657,,6530,,6409,,6299,,6194,,6089,,5990,,5902,,5812,,5730,,5651,,5576,,5501,,5434,,5372,,5306,,5251,,5194,,5140,,5090,,5039,,4993,,4954,,4908,,4870,,4835,,4797,,4766,,4736,,4706,,4676,,4649,,4625,,4604,,4583,,4565,,4544,,4526,,4515,,4501,,4490,,4479,,4470,,4459,,4451,,4448,,4443,,4438,,4441,,4438,,4439,,4443,,3664,,2864,,2346,,1988,,1725,,1531,,1372,,1240,,1133,,1046,,972,,904,,848,,797,,755,,712,,678,,648,,620,,591,,570,,546,,525,,507,,491,,477,,461,,449,,435,,422,,412,,399,,389,,380,,373,,366,,358,,349,,342,,334,,328,,325,,316,,312,,308,,301,,300,,292,,292,,288,,284,,

9625,,9857,,10112,,10383,,10675,,10989,,11326,,11425,,11315,,11216,,11121,,11031,,10943,,10864,,10787,,10711,,10647,,10579,,10521,,10462,,10411,,4958,,5014,,10271,,10232,,10198,,10164,,10136,,10109,,10085,,10065,,10049,,10039,,10024,,10020,,10013,,10013,,10015,,10017,,10028,,10038,,10052,,10067,,10088,,10115,,10136,,10166,,10199,,10238,,10274,,10321,,10365,,10413,,10468,,10523,,10587,,10654,,10722,,10797,,10873,,10944,,10531,,10160,,9814,,9479,,9185,,8910,,8653,,8398,,8176,,7969,,7764,,7577,,7399,,7233,,7080,,6931,,6791,,6653,,6534,,6411,,6301,,6191,,6088,,5991,,5901,,5812,,5733,,5652,,5575,,5502,,5437,,5373,,5311,,5250,,5194,,5139,,5089,,5040,,4994,,4952,,4908,,4871,,4834,,4797,,4767,,4732,,4704,,4675,,4649,,4625,,4604,,4582,,4561,,4544,,4527,,4514,,4501,,4487,,4479,,4469,,4457,,4452,,4445,,4445,,4439,,4442,,4440,,4439,,4442,,3665,,2865,,2350,,1992,,1733,,1530,,1373,,1245,,1137,,1049,,972,,907,,846,,797,,753,,717,,680,,649,,621,,595