1.31164e-316,1.31164e-316,4.94066e-324
1.31164e-316,1.31164e-316,4.94066e-324
1.31164e-316,1.31164e-316,4.94066e-324
2.47033e-323,2.47033e-323,2.28924e-318
2.47033e-323,2.47033e-323,2.28924e-318
1.31164e-316,1.31164e-316,4.94066e-324
2.47033e-323,2.47033e-323,2.28924e-318
2.47033e-323,2.47033e-323,2.28924e-318
1.31164e-316,1.31164e-316,4.94066e-324
2.47033e-323,2.47033e-323,2.28924e-318
1.31164e-316,1.31164e-316,4.94066e-324
2.47033e-323,2.47033e-323,2.28924e-318
2.47033e-323,2.47033e-323,2.28924e-318
2.47033e-323,2.47033e-323,2.28924e-318
1.31164e-316,1.31164e-316,4.94066e-324
2.47033e-323,2.47033e-323,2.28924e-318
1.31164e-316,1.31164e-316,4.94066e-324
2.47033e-323,2.47033e-323,2.28924e-318
2.47033e-323,2.47033e-323,2.28924e-318
1.31164e-316,1.31164e-316,4.94066e-324
1.31164e-316,1.31164e-316,4.94066e-324
2.47033e-323,2.47033e-323,2.28924e-318
1.31164e-316,1.31164e-316,4.94066e-324
1.31164e-316,1.31164e-316,4.94066e-324
1.31164e-316,1.31164e-316,4.94066e-324
2.47033e-323,2.47033e-323,2.28924e-318
2.47033e-323,2.47033e-323,2.28924e-318
1.31164e-316,1.31164e-316,4.94066e-324
2.47033e-323,2.47033e-323,2.28924e-318
1.31164e-316,1.31164e-316,4.94066e-324
2.47033e-323,2.47033e-323,2.28924e-318
2.47033e-323,2.47033e-323,2.28924e-318
2.47033e-323,2.47033e-323,2.28924e-318
2.47033e-323,2.47033e-323,2.28924e-318
2.47033e-323,2.47033e-323,2.28924e-318
2.47033e-323,2.47033e-323,2.28924e-318
1.31164e-316,1.31164e-316,4.94066e-324
2.47033e-323,2.47033e-323,2.28924e-318
2.47033e-323,2.47033e-323,2.28924e-318
2.47033e-323,2.47033e-323,2.28924e-318
1.31164e-316,1.31164e-316,4.94066e-324
1.31164e-316,1.31164e-316,4.94066e-324
1.31164e-316,1.31164e-316,4.94066e-324
1.31164e-316,1.31164e-316,4.94066e-324
1.31164e-316,1.31164e-316,4.94066e-324
1.31164e-316,1.31164e-316,4.94066e-324
1.31164e-316,1.31164e-316,4.94066e-324
2.47033e-323,2.47033e-323,2.28924e-318
2.47033e-323,2.47033e-323,2.28924e-318
2.47033e-323,2.47033e-323,2.28924e-318
1.31164e-316,1.31164e-316,4.94066e-324
1.31164e-316,1.31164e-316,4.94066e-324
1.31164e-316,1.31164e-316,4.94066e-324
2.47033e-323,2.47033e-323,2.28924e-318
2.47033e-323,2.47033e-323,2.28924e-318
1.31164e-316,1.31164e-316,4.94066e-324
1.31164e-316,1.31164e-316,4.94066e-324
2.47033e-323,2.47033e-323,2.28924e-318
2.47033e-323,2.47033e-323,2.28924e-318
2.47033e-323,2.47033e-323,2.28924e-318
