Inicio leitura (formato: numLeitura541, angulo, distanciaLaser, X laser, Y laser, X roboGlobal, Y roboGlobal)

6057,,6203,,6238,,6164,,6098,,6033,,5973,,5912,,5859,,5806,,5754,,5706,,5664,,5616,,5579,,5539,,5504,,5469,,5441,,5409,,5379,,5356,,5332,,5310,,5288,,5268,,5252,,5236,,5224,,5211,,5198,,5189,,5185,,5179,,5173,,5169,,5170,,5169,,5174,,5173,,5182,,5189,,5195,,5207,,5215,,5230,,5246,,5264,,5279,,5299,,5320,,5343,,5369,,5396,,5426,,5458,,5491,,5527,,5566,,5605,,5643,,5687,,5734,,5784,,5838,,5889,,5946,,6009,,6071,,6137,,6206,,6280,,6358,,6441,,6523,,6616,,6707,,6807,,6908,,7023,,7134,,7256,,7378,,7515,,7657,,7806,,7965,,8130,,8306,,8192,,8084,,7983,,7889,,7795,,7709,,7626,,7546,,7470,,7397,,7330,,7266,,7202,,7144,,7088,,7038,,6990,,6942,,6898,,6858,,6817,,6781,,6750,,6718,,6687,,6661,,6635,,6614,,6591,,6573,,6559,,6546,,6533,,6522,,2085,,2083,,2081,,2081,,2080,,2082,,2080,,2063,,2107,,2146,,2194,,2240,,6566,,6583,,6603,,6624,,6652,,6679,,6706,,6733,,6766,,6803,,6841,,6880,,6925,,6972,,7019,,7073,,7126,,7183,,7240,,7303,,7371,,7438,,7515,,7590,,7678,,7759,,7847,,7945,,8046,,8146,,8221,,8040,,7877,,7717,,7566,,7426,,7292,,7162,,7045,,6926,,6816,,6712,,6616,,6519,,6433,,6347,,

6053,,6206,,6235,,6164,,6096,,6036,,5973,,5913,,5857,,5803,,5754,,5706,,5661,,5620,,5580,,5540,,5506,,5472,,5437,,5409,,5381,,5354,,5332,,5310,,5287,,5270,,5249,,5236,,5220,,5212,,5201,,5188,,5184,,5179,,5171,,5173,,5169,,5171,,5170,,5176,,5182,,5185,,5196,,5204,,5219,,5230,,5245,,5261,,5279,,5301,,5320,,5343,,5368,,5395,,5426,,5458,,5492,,5528,,5561,,5600,,5642,,5690,,5733,,5784,,5836,,5888,,5946,,6007,,6072,,6137,,6205,,6282,,6360,,6439,,6526,,6614,,6711,,6807,,6910,,7018,,7133,,7258,,7385,,7518,,7656,,7803,,7960,,8129,,8301,,8190,,8087,,7987,,7886,,7794,,7707,,7626,,7543,,7471,,7399,,7332,,7268,,7203,,7147,,7091,,7037,,6987,,6945,,6896,,6860,,6822,,6784,,6747,,6717,,6685,,6661,,6637,,6614,,6593,,6577,,6558,,6546,,6530,,6521,,2083,,2081,,2082,,2082,,2077,,2078,,2083,,2061,,2104,,2147,,2195,,2239,,6566,,6588,,6605,,6626,,6653,,6676,,6706,,6736,,6769,,6807,,6840,,6880,,6927,,6968,,7020,,7069,,7125,,7182,,7241,,7303,,7369,,7444,,7517,,7593,,7671,,7760,,7851,,7947,,8043,,8150,,8218,,8039,,7874,,7718,,7567,,7422,,7288,,7165,,7042,,6931,,6818,,6714,,6614,,6518,,6435,,6349,,

6032,,5969,,5907,,5853,,5798,,5750,,5706,,5658,,5618,,5578,,5540,,5502,,5469,,5435,,5405,,5381,,5354,,5329,,5308,,5287,,5268,,5252,,5233,,5222,,5208,,5200,,5192,,5185,,5178,,5172,,5168,,5170,,5170,,5172,,5177,,5182,,5189,,5197,,5207,,5217,,5232,,5247,,5262,,5279,,5300,,5323,,5345,,5370,,5399,,5430,,5460,,5493,,5526,,5564,,5605,,5648,,5694,,5737,,5788,,5837,,5893,,5951,,6011,,6076,,6141,,6212,,6282,,6362,,6442,,6528,,6620,,6714,,6814,,6919,,7025,,7144,,7265,,7389,,7527,,7665,,7814,,7970,,8143,,8294,,8186,,8079,,7980,,7883,,7790,,7701,,7620,,7541,,7464,,7394,,7328,,7263,,7198,,7143,,7089,,7033,,6989,,6941,,6899,,6854,,6815,,6780,,6746,,6715,,6687,,6658,,6635,,6612,,6589,,6572,,6555,,6541,,6531,,6521,,2082,,2080,,2079,,2079,,2081,,2079,,2082,,2061,,2107,,2147,,2194,,2239,,6570,,6588,,6605,,6630,,6650,,6676,,6707,,6736,,6769,,6807,,6843,,6883,,6926,,6975,,7022,,7075,,7126,,7185,,7247,,7308,,7377,,7445,,7517,,7597,,7681,,7764,,7860,,7953,,8051,,8156,,8208,,8036,,7869,,7709,,7556,,7418,,7279,,7153,,7035,,6921,,6813,,6712,,6609,,6514,,6428,,6341,,6263,,6186,,6114,,6045,,5978,,

5497,,5463,,5433,,5402,,5377,,5353,,5326,,5304,,5284,,5265,,5247,,5233,,5219,,5206,,5200,,5190,,5181,,5177,,5172,,5170,,5169,,5170,,5174,,5178,,5181,,5189,,5197,,5209,,5219,,5234,,5247,,5263,,5281,,5302,,5325,,5348,,5376,,5403,,5431,,5460,,5497,,5530,,5567,,5609,,5653,,5693,,5739,,5788,,5842,,5899,,5954,,6018,,6079,,6150,,6217,,6293,,6368,,6451,,6540,,6627,,6723,,6824,,6925,,7034,,7150,,7273,,7401,,7534,,7679,,7826,,7985,,8158,,8287,,8176,,8069,,7969,,7873,,7785,,7694,,7612,,7535,,7461,,7389,,7321,,7256,,7194,,7139,,7083,,7032,,6981,,6938,,6894,,6853,,6816,,6775,,6744,,6711,,6686,,6657,,6631,,6612,,6590,,6574,,6554,,6539,,6529,,6520,,2081,,2080,,2082,,2079,,2081,,2080,,2084,,2065,,2107,,2149,,2192,,2236,,6572,,6588,,6609,,6631,,6652,,6683,,6708,,6737,,6774,,6810,,6847,,6889,,6929,,6976,,7025,,7078,,7131,,7188,,7248,,7311,,7378,,7448,,7523,,7602,,7688,,7772,,7861,,7960,,8056,,8167,,8193,,8019,,7857,,7697,,7548,,7405,,7275,,7146,,7026,,6911,,6804,,6701,,6601,,6509,,6419,,6335,,6255,,6179,,6108,,6037,,5973,,5906,,5847,,5788,,5738,,5687,,5636,,5589,,5545,,5506,,5467,,5426,,

6727,,6695,,6670,,6641,,6620,,6597,,6579,,6560,,6547,,6534,,6522,,2083,,2078,,2077,,2077,,2076,,2077,,2080,,2059,,2080,,2127,,2189,,2235,,6560,,6578,,6594,,6617,,6636,,6666,,6689,,6723,,6753,,6789,,6824,,6863,,6905,,6953,,7000,,7049,,7099,,7158,,7213,,7279,,7341,,7410,,7482,,7561,,7638,,7726,,7811,,7903,,8003,,8103,,8210,,8095,,7927,,7762,,7609,,7466,,7329,,7199,,7079,,6959,,6850,,6744,,6641,,6543,,6454,,6369,,6288,,6206,,6134,,6061,,5996,,5928,,5868,,5809,,5756,,5702,,5650,,5603,,5558,,5519,,5478,,5438,,5402,,5365,,5334,,5306,,5280,,5252,,5229,,5203,,5183,,5162,,5150,,5130,,5117,,5106,,5096,,5087,,5075,,5071,,5064,,5065,,5063,,5062,,5061,,5065,,5069,,5074,,5084,,5093,,5103,,5114,,5129,,5146,,5160,,5183,,5201,,5223,,5248,,5273,,5302,,5331,,5361,,5396,,5430,,5470,,5509,,5555,,5600,,5645,,5693,,5744,,5801,,5857,,5919,,5985,,6051,,6122,,6177,,6028,,5889,,5761,,5636,,5521,,5406,,5306,,5203,,5110,,5021,,4937,,4858,,4782,,4708,,4640,,4577,,4514,,4454,,4395,,4344,,4291,,4244,,4197,,4149,,4107,,4071,,4033,,3996,,3963,,3927,,3896,,3870,,3840,,3814,,3792,,3769,,3743,,3725,,3703,,

6303,,6276,,6251,,6227,,6204,,6185,,6166,,6150,,6137,,6124,,6112,,6103,,6099,,6095,,6088,,6089,,6089,,6094,,6098,,6102,,6110,,6123,,6131,,6144,,6161,,6180,,6202,,6221,,6243,,6272,,6299,,6330,,6360,,6394,,6433,,6472,,6515,,6559,,6603,,6656,,6706,,6763,,6817,,6878,,6944,,7014,,6920,,6723,,6539,,6373,,6209,,6061,,5918,,5782,,5654,,5538,,5424,,5319,,5216,,5124,,5029,,4947,,4864,,4787,,4714,,4640,,4576,,4509,,4450,,4393,,4339,,4287,,4239,,4192,,4144,,4102,,4062,,4024,,3984,,3951,,3916,,3886,,3858,,3829,,3801,,3775,,3750,,3731,,3707,,3687,,3670,,3651,,3637,,3623,,3611,,3599,,3585,,3575,,3569,,3561,,3552,,3550,,3542,,3540,,3538,,3539,,3537,,3536,,3538,,3544,,3545,,3555,,3558,,3566,,3573,,3584,,3594,,3609,,3623,,3635,,3652,,3666,,3685,,3705,,3724,,3747,,3772,,3796,,3823,,3848,,3879,,3909,,3946,,3980,,4014,,4052,,4095,,4136,,4180,,4229,,4280,,4331,,4384,,4440,,4501,,4565,,4628,,4701,,4774,,4851,,4930,,5018,,5108,,5203,,5302,,5252,,5170,,5102,,5031,,4963,,4897,,4840,,4785,,4730,,4676,,4627,,4581,,4534,,4494,,4454,,4413,,4378,,4343,,4312,,4283,,4253,,4223,,4196,,4176,,4153,,4132,,

6243,,6181,,6119,,6062,,6011,,5961,,5913,,5868,,5822,,5782,,5742,,5709,,5672,,5643,,5613,,5583,,5558,,5533,,5512,,5492,,5470,,5456,,5442,,5426,,5414,,5405,,5394,,5388,,5385,,5378,,5380,,5377,,5377,,5380,,5387,,5392,,5403,,5408,,5420,,5434,,5451,,5465,,5009,,4612,,4262,,3973,,3721,,3493,,3302,,3128,,2971,,2831,,2703,,2583,,2480,,2385,,2299,,2216,,2138,,2068,,2006,,1948,,1890,,1839,,1787,,1740,,1696,,1657,,1617,,1585,,1548,,1515,,1489,,1460,,1431,,1407,,1380,,1359,,1337,,1314,,1294,,1272,,1259,,1240,,1225,,1210,,1191,,1179,,1167,,1151,,1141,,1129,,1120,,1106,,1096,,1086,,1079,,1069,,1062,,1056,,1046,,1041,,1036,,1027,,1024,,1016,,1013,,1008,,1003,,1000,,998,,992,,987,,986,,985,,980,,983,,978,,981,,979,,980,,976,,979,,977,,979,,982,,982,,981,,983,,986,,990,,993,,993,,998,,1001,,1008,,1008,,1018,,1022,,1028,,1031,,1041,,1044,,1049,,1060,,1068,,1078,,1086,,1092,,1102,,1114,,1126,,1134,,1147,,1160,,1172,,1186,,1204,,1217,,1234,,1250,,1267,,1287,,1306,,1328,,1349,,1372,,1396,,1420,,1449,,1474,,1505,,1540,,1573,,1609,,1644,,1684,,1729,,1775,,1820,,1873,,

10478,,10369,,10263,,10165,,10072,,9980,,9897,,9816,,9742,,9667,,9600,,9537,,3778,,3651,,3628,,9315,,9266,,9224,,9181,,9145,,9110,,9081,,9051,,9025,,9003,,8983,,8964,,8948,,8938,,8929,,8924,,8919,,8920,,8922,,8922,,8930,,8943,,8956,,8970,,8986,,9009,,9034,,9058,,9090,,9122,,9156,,9197,,9233,,9281,,9332,,9381,,9433,,9026,,8619,,8242,,7913,,7601,,7320,,7055,,6811,,6593,,6380,,6195,,6012,,5843,,5680,,5538,,5401,,5270,,5147,,5033,,4924,,4818,,4720,,4631,,4544,,4460,,4386,,4310,,4239,,4173,,4105,,4044,,3987,,3932,,3883,,3831,,3784,,3739,,3698,,3657,,3617,,3579,,3545,,3510,,3477,,3447,,3421,,3391,,3369,,3344,,3318,,3298,,3279,,3256,,3242,,3221,,3206,,3195,,3179,,3165,,3153,,3143,,3136,,3129,,3120,,3113,,3109,,3102,,3102,,3096,,3094,,3093,,3096,,3094,,3096,,3103,,3106,,3107,,3114,,3125,,3130,,3137,,3147,,3160,,3173,,3186,,3196,,3213,,3228,,3244,,3262,,3285,,3303,,3325,,3351,,3314,,3184,,3067,,2960,,2864,,2770,,2683,,2602,,2528,,2458,,2398,,2334,,2279,,2222,,2173,,2122,,2077,,2034,,1995,,1957,,1922,,1890,,1856,,1824,,1794,,1764,,1742,,1717,,1693,,1669,,1645,,1625,,1605,,1588,,1568,,

9382,,9425,,9467,,9508,,9561,,9612,,9667,,9729,,9793,,9858,,9928,,10006,,10083,,10167,,10251,,10348,,3758,,3743,,3828,,3914,,4008,,11013,,11142,,11280,,11426,,11581,,11598,,11354,,11130,,10906,,10700,,10503,,10326,,10144,,9982,,9822,,9669,,9524,,9390,,9265,,9136,,9019,,8910,,8805,,8705,,8604,,8513,,8422,,8343,,8261,,8185,,8115,,8048,,7986,,7923,,7864,,7809,,7758,,7711,,7667,,7624,,7583,,7545,,7514,,7482,,7450,,7422,,7397,,7374,,7355,,7338,,7321,,7310,,7297,,7288,,7284,,7279,,7277,,7278,,7282,,7284,,7291,,7301,,7312,,7326,,6979,,6194,,5533,,5014,,4588,,4236,,3923,,3668,,3433,,3230,,3051,,2894,,2751,,2625,,2502,,2402,,2303,,2218,,2133,,2063,,1990,,1928,,1866,,1809,,1761,,1710,,1665,,1624,,1585,,1546,,1509,,1479,,1446,,1417,,1388,,1362,,1335,,1312,,1288,,1266,,1245,,1229,,1208,,1191,,1174,,1158,,1145,,1129,,1113,,1102,,1088,,1079,,1065,,1056,,1045,,1037,,1027,,1016,,1009,,1000,,996,,988,,982,,974,,969,,963,,957,,953,,945,,942,,938,,938,,934,,931,,928,,923,,923,,920,,918,,918,,919,,918,,917,,918,,917,,915,,920,,920,,922,,923,,923,,923,,929,,930,,932,,938,,

9230,,9238,,9241,,9255,,9266,,9279,,9300,,9319,,9343,,9373,,9402,,9433,,9471,,9510,,9550,,9598,,9648,,9698,,9757,,9813,,9878,,9944,,10018,,10094,,10169,,9988,,9640,,9327,,9030,,8750,,8495,,8256,,8037,,7827,,7629,,7444,,7265,,7103,,6947,,6802,,6669,,6533,,6412,,6298,,6181,,6082,,5979,,5881,,5791,,5704,,5624,,5547,,5473,,5401,,5335,,5272,,5211,,5150,,5095,,5045,,4993,,4945,,4900,,4859,,4817,,4778,,4742,,4705,,4675,,4644,,4614,,4587,,4561,,4537,,4517,,4497,,4475,,4456,,4442,,4426,,4413,,4402,,4390,,4383,,4373,,4366,,4362,,4356,,4355,,4354,,4353,,4355,,4358,,4361,,4365,,4373,,4381,,4391,,4398,,4411,,4424,,4180,,3849,,3573,,3336,,3120,,2937,,2778,,2626,,2498,,2382,,2279,,2176,,2092,,2010,,1939,,1869,,1804,,1745,,1692,,1639,,1593,,1549,,1509,,1472,,1432,,1401,,1370,,1339,,1309,,1284,,1258,,1231,,1207,,1189,,1167,,1148,,1127,,1113,,1092,,1078,,1063,,1047,,1035,,1024,,1007,,996,,986,,973,,963,,954,,947,,936,,926,,921,,913,,904,,898,,891,,885,,882,,873,,873,,866,,860,,859,,852,,850,,846,,844,,841,,840,,835,,837,,834,,831,,829,,829,,827,,827,,828,,

10342,,10253,,10167,,10084,,10004,,9931,,9862,,9796,,9733,,9676,,9620,,9567,,9523,,9475,,9434,,9395,,9363,,9330,,9303,,9275,,9254,,9233,,9213,,9201,,9190,,9180,,9175,,9170,,9171,,9169,,9175,,9185,,9196,,9208,,9226,,9240,,9262,,8990,,8112,,7385,,6802,,6292,,5869,,5494,,5159,,4873,,4611,,4377,,4173,,3982,,3809,,3659,,3514,,3383,,3264,,3155,,3050,,2956,,2864,,2783,,2707,,2631,,2563,,2499,,2439,,2383,,2330,,2281,,2232,,2191,,2145,,2106,,2065,,2033,,1996,,1964,,1933,,1901,,1875,,1847,,1824,,1799,,1774,,1754,,1732,,1713,,1694,,1675,,1662,,1645,,1630,,1612,,1599,,1586,,1575,,1563,,1552,,1540,,1532,,1519,,1512,,1504,,1497,,1487,,1483,,1477,,1470,,1465,,1459,,1457,,1452,,1449,,1445,,1441,,1440,,1439,,1436,,1439,,1435,,1437,,1436,,1438,,1439,,1442,,1442,,1444,,1447,,1453,,1455,,1460,,1465,,1473,,1476,,1484,,1492,,1498,,1505,,1517,,1527,,1533,,1547,,1558,,1571,,1580,,1591,,1608,,1620,,1636,,1653,,1669,,1686,,1651,,1609,,1571,,1534,,1494,,1460,,1431,,1399,,1370,,1345,,1318,,1292,,1269,,1246,,1226,,1207,,1188,,1174,,1156,,1137,,1125,,1106,,1096,,1083,,1066,,1055,,1046,,1037,,1022,,1015,,

6178,,6486,,6824,,7208,,7660,,8155,,8710,,9305,,9270,,9237,,9208,,9179,,9157,,9134,,9115,,9103,,9088,,9077,,9071,,9068,,9068,,9066,,9070,,9076,,9088,,9100,,9114,,9133,,9150,,9175,,9201,,9230,,9264,,9299,,9336,,9376,,9425,,9470,,9524,,9578,,9636,,9696,,9762,,9832,,9908,,9988,,10064,,4647,,4573,,4513,,4427,,4474,,10658,,10779,,10900,,11030,,11168,,11305,,11460,,11616,,11785,,11957,,11953,,11725,,11511,,11313,,11114,,10933,,10754,,10593,,10429,,10287,,10140,,10006,,9875,,9752,,9634,,9523,,9419,,9319,,9221,,9128,,9039,,8960,,8878,,8807,,8733,,8664,,8604,,8543,,8485,,8433,,8383,,8338,,8295,,8249,,8213,,8176,,8142,,8116,,8086,,8061,,8038,,8021,,8006,,7988,,7975,,7969,,7959,,7952,,7953,,7953,,7951,,7957,,7965,,7976,,7988,,8001,,8018,,8034,,7204,,6530,,5956,,5483,,5085,,4736,,4440,,4177,,3938,,3734,,3548,,3386,,3231,,3095,,2971,,2851,,2749,,2652,,2564,,2481,,2400,,2330,,2263,,2199,,2143,,2088,,2036,,1985,,1943,,1897,,1857,,1820,,1781,,1745,,1714,,1686,,1653,,1628,,1600,,1574,,1550,,1531,,1507,,1488,,1468,,1451,,1432,,1415,,1397,,1381,,1370,,1357,,1340,,1329,,1316,,1306,,1296,,1283,,1275,,1266,,1257,,

8597,,8545,,8494,,8447,,8404,,8366,,8328,,8291,,8258,,3157,,2901,,2892,,2894,,3142,,8124,,8110,,8100,,8088,,8086,,8081,,8080,,8080,,8083,,8090,,8097,,8108,,8120,,8140,,8157,,8178,,8198,,8227,,8255,,8286,,8320,,8359,,8397,,8442,,8484,,8536,,8589,,8640,,8701,,8761,,8829,,8899,,8972,,9050,,9132,,9216,,9305,,9398,,9499,,9602,,9427,,9185,,8963,,8758,,8556,,8375,,8196,,8026,,7869,,7723,,7578,,7446,,7318,,7199,,7083,,6972,,6871,,6770,,6674,,6590,,6501,,6420,,6341,,6271,,6202,,6134,,6069,,6009,,5954,,5898,,5847,,5798,,5752,,5705,,5664,,5627,,5589,,5555,,5519,,5488,,5460,,5432,,5405,,5386,,5362,,5340,,5325,,5307,,5292,,5279,,5270,,5262,,5250,,5243,,5239,,5238,,5233,,5235,,5239,,5242,,5247,,5251,,5261,,5269,,5278,,5289,,5308,,5321,,5341,,5359,,5381,,5405,,5429,,5457,,5485,,5513,,5549,,5581,,5620,,5660,,5471,,5255,,5055,,4885,,4715,,4566,,4424,,4285,,4165,,4050,,3942,,3844,,3747,,3658,,3571,,3494,,3419,,3350,,3283,,3216,,3156,,3102,,3045,,2994,,2949,,2899,,2856,,2813,,2777,,2738,,2699,,2665,,2635,,2605,,2575,,2547,,2519,,2491,,2468,,2447,,2426,,2405,,2385,,2365,,2347,,2332,,2313,,

7505,,7460,,7416,,7378,,7340,,7302,,7271,,7242,,7212,,7186,,7162,,7144,,7124,,7109,,7094,,7083,,7069,,7063,,7060,,7056,,7052,,7055,,7057,,7062,,7071,,7082,,7093,,7104,,7122,,7138,,7162,,7184,,7205,,7236,,7263,,7297,,7331,,7372,,7408,,7451,,7126,,6804,,6506,,6234,,5990,,5756,,5555,,5363,,5189,,5024,,4867,,4727,,4588,,4465,,4352,,4238,,4134,,4038,,3948,,3863,,3780,,3703,,3628,,3564,,3496,,3434,,3375,,3323,,3270,,3216,,3167,,3124,,3079,,3041,,3001,,2964,,2926,,2894,,2861,,2828,,2800,,2773,,2747,,2721,,2697,,2673,,2655,,2632,,2612,,2594,,2578,,2563,,2547,,2532,,2517,,2508,,2493,,2483,,2474,,2463,,2455,,2448,,2444,,2438,,2429,,2426,,2421,,2420,,2418,,2414,,2415,,2413,,2415,,2416,,2418,,2424,,2426,,2429,,2436,,2442,,2451,,2454,,2465,,2474,,2483,,2495,,2506,,2517,,2529,,2546,,2562,,2576,,2593,,2612,,2631,,2647,,2670,,2695,,2715,,2741,,2769,,2796,,2823,,2854,,2890,,2923,,2959,,2993,,3032,,3075,,3116,,3164,,3208,,3261,,3310,,3370,,3425,,3485,,3552,,3621,,3693,,3769,,3847,,3938,,3980,,3931,,3883,,3836,,3795,,3753,,3715,,3677,,3642,,3603,,3572,,3540,,3514,,3485,,3458,,3432,,3410,,

10094,,10147,,10208,,10268,,10333,,10403,,10475,,10558,,10639,,10724,,10822,,10917,,11016,,11125,,11234,,11354,,11481,,11225,,10944,,10673,,10421,,10190,,9968,,9752,,9554,,9361,,9184,,9017,,8859,,8710,,8560,,8428,,8292,,8169,,8052,,7937,,7829,,7731,,7634,,7539,,7454,,7374,,7290,,7217,,7144,,7077,,7013,,6947,,6892,,6834,,6780,,6733,,6686,,6638,,6599,,6558,,6522,,6487,,6456,,6425,,6398,,6372,,6345,,6324,,6306,,6286,,6271,,6258,,6249,,6239,,6228,,6225,,6219,,6216,,6216,,6219,,6220,,6229,,5257,,4245,,3593,,3101,,2725,,2440,,2208,,2011,,1848,,1714,,1598,,1496,,1403,,1325,,1258,,1193,,1139,,1087,,1039,,996,,960,,925,,893,,862,,833,,806,,782,,757,,736,,721,,698,,681,,665,,649,,638,,621,,609,,599,,585,,573,,566,,554,,544,,538,,529,,518,,510,,506,,496,,494,,483,,480,,471,,469,,461,,457,,452,,451,,443,,442,,437,,434,,432,,429,,426,,423,,421,,415,,415,,410,,411,,407,,404,,404,,400,,399,,397,,396,,394,,398,,393,,392,,394,,391,,394,,392,,395,,395,,392,,395,,396,,392,,397,,393,,396,,400,,396,,399,,402,,404,,406,,404,,406,,

5132,,5160,,5187,,5215,,5251,,5284,,5319,,5358,,5399,,5438,,5487,,5532,,5583,,5633,,5689,,5750,,5807,,5872,,5941,,6013,,6087,,6165,,6247,,6332,,6425,,6521,,6619,,6728,,6841,,6954,,7075,,7207,,7342,,7486,,7641,,7803,,7973,,8155,,8342,,8550,,8769,,8993,,9239,,9498,,9470,,9383,,9291,,9204,,9125,,9048,,8975,,8908,,8843,,8784,,8725,,8668,,8620,,8571,,8526,,8482,,8445,,8409,,8375,,8344,,8315,,8289,,8268,,8251,,8233,,8215,,8203,,8193,,8185,,8183,,8180,,8181,,3760,,3765,,3765,,3771,,3756,,3846,,3932,,8270,,8294,,8319,,8345,,8379,,8411,,8449,,8487,,8529,,8576,,8622,,8675,,8728,,8786,,8849,,8914,,8982,,9054,,9134,,9211,,9299,,9390,,9482,,9581,,9686,,9641,,9398,,9169,,8947,,8747,,8555,,8369,,8196,,8035,,7882,,7732,,7595,,7464,,7340,,7220,,7109,,6998,,6897,,6798,,6709,,6621,,6537,,6457,,6383,,6309,,6239,,6177,,6113,,6051,,5998,,5944,,5893,,5844,,5799,,5758,,5714,,5675,,5637,,5608,,5572,,5542,,5514,,5491,,5466,,5445,,5423,,5402,,5385,,5371,,5356,,5341,,5334,,5326,,5319,,5311,,5307,,5305,,5306,,5304,,5307,,5314,,5319,,5325,,5333,,5343,,5356,,5370,,5387,,5405,,5424,,5442,,5468,,5491,,

5971,,6000,,6032,,6068,,6103,,6146,,6186,,6233,,6278,,6327,,6379,,6434,,6492,,6555,,6618,,6686,,6760,,6836,,6911,,6993,,7080,,7169,,7271,,7369,,7471,,7584,,7699,,7823,,7749,,7615,,7481,,7360,,7243,,7133,,7023,,6923,,6827,,1187,,1170,,1157,,1145,,1129,,1115,,1108,,1092,,1082,,1071,,1062,,1032,,1030,,1037,,1050,,1052,,1059,,1074,,1087,,1078,,1093,,1108,,1127,,1125,,1136,,5491,,5473,,5454,,5438,,5423,,5408,,5396,,5389,,5381,,5376,,5370,,5368,,5363,,5367,,5369,,5369,,5374,,5379,,5389,,5398,,5413,,5425,,5439,,5458,,5475,,5495,,5518,,5542,,5564,,5595,,5623,,5655,,5691,,5726,,5760,,5801,,5847,,5893,,5936,,5992,,6043,,6099,,6159,,6218,,6282,,6349,,6422,,6499,,6578,,6659,,6750,,6840,,6933,,6952,,6815,,6688,,6560,,6441,,6329,,6226,,6126,,6029,,5937,,5852,,5768,,5692,,5615,,5543,,5478,,5412,,5352,,5296,,5239,,5185,,5135,,5085,,5042,,4998,,4957,,4921,,4882,,4849,,4817,,4782,,4753,,4729,,4702,,4679,,4656,,4637,,4614,,4600,,4582,,4566,,4554,,4544,,4532,,4523,,4516,,4512,,4508,,4501,,4499,,4500,,4500,,4505,,4506,,4510,,4518,,4526,,4532,,4542,,4558,,4570,,4586,,4601,,4617,,4636,,4659,,

562,,557,,557,,562,,566,,591,,613,,642,,6576,,6626,,6681,,6741,,6803,,6865,,6930,,7002,,7079,,7160,,7239,,7325,,7417,,7362,,7196,,7038,,6889,,6750,,6622,,6493,,6374,,6267,,6158,,6055,,5960,,5868,,5783,,5694,,5622,,5543,,5474,,5403,,5338,,5277,,5218,,5162,,5111,,5062,,5014,,4968,,4922,,4884,,4843,,4806,,4770,,4736,,4706,,4675,,4648,,4626,,4602,,4579,,4558,,4538,,4518,,4504,,4485,,4475,,4463,,4448,,4439,,4431,,4428,,4419,,4417,,4414,,4411,,4416,,4417,,4418,,4422,,4425,,4433,,4441,,4450,,4460,,4476,,4490,,4502,,4520,,4541,,4556,,4581,,4604,,4628,,4651,,4682,,4712,,4739,,4773,,4810,,4849,,4885,,4929,,4972,,5014,,5067,,5117,,5168,,5225,,5284,,5345,,5410,,5477,,5550,,5627,,5705,,5789,,5878,,5966,,6062,,6055,,5948,,5848,,5752,,5665,,5578,,5499,,5419,,5347,,5278,,5211,,5144,,5086,,5026,,4973,,4921,,4869,,4823,,4777,,4735,,4694,,4656,,4619,,4586,,4552,,4523,,4495,,4469,,4443,,4420,,4394,,4376,,4355,,4337,,4320,,4305,,4291,,4278,,4270,,4258,,4252,,4244,,4239,,4233,,4230,,4230,,4229,,4226,,4230,,4234,,4239,,4244,,4251,,4260,,4268,,4279,,4292,,4307,,4321,,4340,,4357,,4377,,

6967,,6913,,6546,,6219,,5917,,5656,,5407,,5183,,4976,,4788,,4622,,4464,,4313,,4177,,4050,,3933,,3822,,3716,,3622,,3531,,3447,,3366,,3289,,3219,,3149,,3087,,3027,,2973,,2916,,2863,,2814,,2769,,2727,,2684,,2642,,2606,,2571,,2533,,2503,,2470,,2441,,2412,,2389,,2359,,2339,,2316,,2291,,2271,,2253,,2233,,2214,,2200,,2181,,2166,,2153,,2139,,2126,,2112,,2102,,2091,,2084,,2072,,2065,,2059,,2053,,2044,,2039,,2035,,2029,,2027,,2024,,2023,,2018,,2018,,2017,,2018,,2020,,2018,,2021,,2022,,2029,,2029,,2035,,2042,,2046,,2051,,2060,,2068,,2074,,2082,,2096,,2104,,2115,,2128,,2139,,2155,,2165,,2183,,2199,,2213,,2235,,2255,,2273,,2292,,2319,,2339,,2366,,2388,,2417,,2447,,2475,,2505,,2539,,2572,,2606,,2644,,2688,,2728,,2773,,2817,,2869,,2921,,2976,,3034,,3094,,3159,,3224,,3294,,3376,,3455,,3541,,3631,,3729,,3833,,3942,,4060,,4040,,4003,,3968,,3935,,3904,,3873,,3842,,3817,,3793,,3764,,3744,,3721,,3703,,3681,,3663,,3650,,3637,,3623,,3608,,3596,,3587,,3578,,3569,,3564,,3555,,3553,,3549,,3545,,3545,,3543,,3541,,3543,,3550,,3550,,3556,,3562,,3570,,3580,,3589,,3598,,3611,,3620,,3637,,3650,,3667,,

611,,610,,605,,598,,598,,596,,593,,586,,587,,584,,581,,580,,575,,575,,572,,570,,569,,570,,570,,568,,568,,567,,566,,565,,566,,569,,568,,568,,572,,573,,572,,575,,573,,577,,576,,580,,584,,584,,589,,589,,597,,598,,603,,603,,612,,615,,617,,622,,630,,631,,641,,645,,650,,657,,666,,672,,679,,685,,693,,705,,713,,724,,736,,745,,756,,769,,783,,795,,808,,824,,837,,852,,870,,890,,907,,927,,951,,975,,998,,1022,,1048,,1080,,1109,,1143,,1180,,1218,,1261,,1307,,1358,,1411,,1467,,1531,,1599,,1676,,1768,,1861,,1964,,2085,,2224,,2379,,2565,,2776,,2991,,2984,,2973,,2969,,2963,,2953,,2952,,2948,,2944,,2944,,2939,,2939,,2941,,2943,,2942,,2949,,2949,,2959,,2965,,2971,,2975,,2987,,2999,,3008,,3016,,3030,,3046,,3057,,3073,,3092,,3111,,3128,,3151,,3173,,3196,,3217,,3245,,3273,,3299,,3327,,3360,,3395,,3430,,3466,,3504,,3547,,3585,,3629,,3678,,3726,,3780,,3832,,3890,,3954,,4015,,4078,,4151,,4221,,4298,,4382,,4471,,4561,,4658,,4763,,4870,,4982,,5107,,5234,,5372,,5521,,5675,,5845,,6027,,6221,,6429,,6656,,6904,,7170,,7460,,

2375,,2401,,2429,,2458,,2489,,2521,,2553,,2588,,2626,,2664,,2705,,2749,,2793,,2842,,2893,,2942,,2999,,3060,,3118,,3185,,3252,,3328,,3403,,3488,,3578,,3668,,3766,,3877,,3991,,4109,,4243,,4382,,4537,,4698,,4879,,5066,,5282,,5510,,5768,,6049,,6353,,6706,,7086,,7532,,8019,,7986,,7951,,7920,,7893,,7868,,7846,,7830,,7813,,7798,,7783,,7773,,7770,,7765,,7760,,7758,,7762,,7766,,7774,,7782,,7794,,7804,,7823,,7843,,7861,,7884,,7914,,7940,,7972,,8007,,8041,,8081,,8122,,8172,,8219,,8271,,8322,,8381,,8444,,8508,,8574,,8647,,8721,,8804,,8888,,8976,,9070,,9166,,9268,,9375,,9493,,9605,,9730,,9861,,10004,,10145,,10293,,10458,,10627,,10804,,10994,,11186,,11218,,11046,,10876,,10714,,10562,,10420,,10286,,3501,,3350,,3362,,3565,,9683,,9581,,9484,,9395,,9305,,9224,,9139,,9068,,8997,,8929,,8866,,8800,,8744,,8689,,8642,,8594,,8550,,8509,,8471,,8437,,8404,,8371,,8343,,8319,,8298,,8278,,8265,,8248,,8235,,8227,,8220,,8217,,8216,,8218,,8219,,8226,,8233,,8247,,8258,,8272,,8291,,8311,,8337,,8363,,8394,,8424,,8459,,8498,,8483,,7982,,7550,,7158,,6813,,6501,,6210,,5962,,5722,,5508,,5307,,5120,,4953,,4793,,4647,,4505,,

7936,,7986,,8037,,8088,,8146,,8207,,8278,,8344,,8416,,8492,,8568,,8652,,8742,,8834,,8934,,9034,,9140,,9254,,9268,,9055,,8859,,8671,,8493,,8330,,8175,,8022,,7881,,7744,,7617,,7495,,7378,,7272,,7165,,7069,,6972,,6878,,6792,,6713,,6636,,6561,,6492,,6422,,6359,,6299,,6242,,6184,,6137,,6086,,6036,,5996,,5951,,5914,,5876,,5839,,5810,,5778,,5749,,5720,,5696,,5676,,5655,,5633,,5615,,5600,,5589,,5574,,5564,,5557,,5552,,5543,,5542,,5540,,5542,,5540,,5544,,5547,,5555,,5565,,5572,,5586,,5598,,5616,,5630,,5648,,5670,,5694,,5720,,5746,,5774,,5805,,5834,,5868,,5906,,5948,,5989,,6030,,6080,,5965,,5757,,5557,,5377,,5209,,5057,,4909,,4774,,4648,,4525,,4415,,4309,,4210,,4119,,4028,,3947,,3867,,3795,,3720,,3654,,3588,,3534,,3474,,3419,,3367,,3318,,3270,,3225,,3183,,3141,,3104,,3066,,3032,,3001,,2969,,2936,,2912,,2885,,2857,,2833,,2809,,2789,,2767,,2747,,2726,,2711,,2695,,2677,,2665,,2651,,2639,,2624,,2616,,2604,,2596,,2587,,2579,,2571,,2568,,2560,,2554,,2554,,2552,,2547,,2545,,2547,,2549,,2551,,2548,,2552,,2557,,2559,,2567,,2572,,2578,,2586,,2596,,2603,,2611,,2624,,2636,,2647,,2659,,2675,,

1761,,1687,,1665,,1671,,1679,,1683,,7073,,7105,,7140,,7176,,7212,,7257,,7302,,7346,,7395,,7450,,7509,,7564,,7633,,7696,,7768,,7840,,7917,,7996,,8085,,8173,,8264,,8367,,8468,,8579,,8694,,8813,,8939,,9071,,9026,,8859,,8693,,8542,,8397,,8257,,8129,,8007,,7885,,7777,,7668,,7565,,7468,,7373,,7287,,7200,,7120,,7047,,6975,,6909,,6837,,6777,,6718,,6663,,6612,,6562,,6511,,6465,,6423,,6384,,6345,,6311,,6277,,6248,,6218,,6193,,6169,,6147,,6126,,6105,,6088,,6074,,6063,,6053,,6045,,6037,,6032,,6027,,6025,,6027,,6028,,6031,,6036,,6043,,6056,,6065,,6079,,6093,,6112,,6126,,6149,,6170,,6199,,6222,,6254,,6283,,6315,,6353,,6389,,6431,,6477,,6523,,6568,,6620,,6674,,6729,,6790,,6850,,6880,,6676,,6483,,6302,,6140,,5977,,5832,,5693,,5567,,5443,,5330,,5217,,5110,,5014,,4920,,4834,,4750,,4671,,4593,,4525,,4453,,4390,,4331,,4271,,4212,,4162,,4112,,4064,,4017,,3971,,3933,,3892,,3852,,3818,,3785,,3750,,3720,,3692,,3662,,3641,,3616,,3590,,3570,,3548,,3530,,3511,,3495,,3479,,3465,,3450,,3442,,3427,,3420,,3410,,3405,,3398,,3393,,3385,,3383,,3378,,3377,,3379,,3380,,3380,,3384,,3386,,3392,,3398,,3406,,

7366,,7343,,7320,,7300,,7285,,7271,,7255,,7243,,7237,,7229,,7223,,7225,,7222,,7227,,7228,,7235,,7244,,7255,,7268,,7284,,7302,,7321,,7345,,7368,,7396,,7426,,7461,,7492,,7531,,7570,,7612,,7659,,7708,,7759,,7741,,7428,,7143,,6891,,6645,,6418,,6218,,6024,,5840,,5675,,5523,,5371,,5233,,5105,,4982,,4873,,4764,,4660,,4564,,4475,,4386,,4308,,4230,,4157,,4087,,4022,,3957,,3897,,3842,,3787,,3736,,3686,,3638,,3592,,3553,,3511,,3472,,3436,,3402,,3369,,3337,,3307,,3279,,3251,,3227,,3205,,3181,,3158,,3141,,3121,,3104,,3087,,3068,,3056,,3042,,3031,,3017,,3008,,2999,,2990,,2982,,2975,,2968,,2962,,2958,,2958,,2956,,2952,,2952,,2954,,2952,,2958,,2957,,2963,,2967,,2973,,2979,,2987,,2999,,3008,,3016,,3028,,3044,,3055,,3070,,3084,,3106,,3120,,3139,,3163,,3184,,3204,,3227,,3255,,3282,,3308,,3341,,3369,,3406,,3440,,3476,,3517,,3556,,3597,,3642,,3690,,3740,,3790,,3843,,3898,,3960,,4021,,4089,,4160,,4211,,4142,,4074,,4009,,3955,,3894,,3841,,3791,,3741,,3695,,3651,,3607,,3569,,3530,,3495,,3460,,3426,,3397,,3363,,3335,,3312,,3287,,3262,,3238,,3219,,3197,,3177,,3162,,3142,,3131,,3113,,3099,,3090,,

8263,,8264,,8270,,8276,,8284,,8296,,8315,,8331,,8350,,8372,,8399,,8425,,8458,,8491,,8527,,8569,,8607,,8652,,8701,,8756,,8810,,8867,,8928,,8993,,9065,,9134,,9209,,9295,,9380,,9470,,9336,,9062,,8809,,8577,,8361,,8150,,7960,,7774,,7604,,7435,,7282,,7139,,7002,,6870,,6748,,6631,,6520,,6409,,6310,,6212,,6123,,6033,,5953,,5877,,5802,,5729,,5660,,5597,,5538,,5474,,5423,,5370,,5316,,5269,,5228,,5181,,5141,,5102,,5067,,5033,,5001,,4971,,4937,,4913,,4888,,4865,,4842,,4821,,4805,,4789,,4772,,4757,,4745,,4735,,4726,,4717,,4711,,4705,,4700,,4700,,4699,,4697,,4699,,4705,,4710,,4716,,4724,,4733,,4740,,4754,,4766,,4783,,4802,,4819,,4837,,4857,,4881,,4907,,4936,,4963,,4990,,5024,,4844,,4644,,4455,,4292,,4140,,3992,,3860,,3739,,3626,,3518,,3421,,3327,,3238,,3157,,3077,,3009,,2938,,2876,,2815,,2758,,2701,,2653,,2600,,2555,,2511,,2473,,2434,,2395,,2356,,2324,,2291,,2259,,2233,,2202,,2179,,2151,,2126,,2107,,2083,,2061,,2045,,2024,,2006,,1989,,1972,,1959,,1944,,1933,,1918,,1906,,1893,,1882,,1872,,1865,,1854,,1845,,1840,,1835,,1827,,1821,,1818,,1814,,1808,,1804,,1804,,1799,,1798,,1797,,1796,,

9552,,9449,,9356,,9262,,9179,,9097,,9016,,8941,,8874,,8808,,8744,,8687,,8630,,8579,,8529,,8481,,8442,,8400,,8359,,8325,,8297,,8267,,8240,,8215,,8195,,8178,,8162,,8149,,8138,,8125,,8122,,8120,,8118,,8117,,8122,,8130,,8135,,8149,,8160,,8178,,8196,,8219,,8238,,8268,,8194,,7557,,7033,,6569,,6166,,5816,,5512,,5232,,4975,,4750,,4548,,4354,,4183,,4031,,3886,,3748,,3624,,3514,,3406,,3305,,3213,,3124,,3044,,2970,,2895,,2827,,2766,,2704,,2646,,2591,,2544,,2492,,2449,,2405,,2363,,2325,,2287,,2252,,2217,,2187,,2158,,2131,,2100,,2075,,2048,,2025,,2002,,1981,,1961,,1945,,1924,,1905,,1890,,1875,,1858,,1843,,1832,,1819,,1808,,1797,,1786,,1777,,1764,,1757,,1750,,1743,,1737,,1726,,1722,,1715,,1714,,1710,,1705,,1701,,1699,,1696,,1694,,1692,,1694,,1696,,1692,,1696,,1699,,1699,,1703,,1703,,1706,,1711,,1717,,1720,,1726,,1733,,1743,,1750,,1754,,1766,,1774,,1783,,1794,,1808,,1819,,1832,,1844,,1857,,1877,,1891,,1907,,1923,,1942,,1963,,1982,,2004,,2027,,2049,,2074,,2103,,2131,,2156,,2188,,2221,,2252,,2287,,2326,,2367,,2405,,2447,,2497,,2542,,2567,,2530,,2491,,2459,,2427,,2397,,2368,,2336,,2309,,

9318,,9255,,9195,,9140,,9084,,9033,,8989,,8946,,8905,,8869,,8831,,8803,,8775,,8746,,8725,,8704,,8686,,8672,,8662,,8651,,8645,,8639,,8638,,8640,,8639,,8649,,8655,,8667,,8681,,8698,,8720,,8740,,8766,,8789,,8825,,8858,,8893,,8933,,3594,,3452,,3420,,3398,,3363,,3418,,9296,,9360,,9431,,9508,,9581,,9665,,9755,,9843,,9939,,10042,,10144,,10003,,9732,,9493,,9259,,9044,,8841,,8645,,8460,,8290,,8123,,7973,,7824,,7685,,7553,,7431,,7310,,7197,,7091,,6988,,6889,,6797,,6709,,6622,,6547,,6470,,6399,,6328,,6263,,6201,,6138,,6083,,6029,,5976,,5928,,5884,,5842,,5802,,5763,,5726,,5691,,5660,,5626,,5598,,5576,,5548,,5527,,5507,,5488,,5469,,5454,,5442,,5432,,5420,,5413,,5406,,5401,,5394,,5394,,5392,,5395,,5396,,5404,,5409,,5415,,5425,,5440,,5449,,5465,,5483,,5497,,5519,,5540,,5562,,5592,,5619,,5412,,5129,,4870,,4645,,4433,,4244,,4071,,3909,,3767,,3634,,3509,,3394,,3287,,3190,,3099,,3013,,2934,,2856,,2786,,2717,,2653,,2596,,2540,,2487,,2435,,2390,,2347,,2305,,2265,,2226,,2186,,2156,,2119,,2088,,2061,,2033,,2006,,1978,,1958,,1930,,1910,,1890,,1871,,1851,,1834,,1814,,1796,,1785,,1769,,1755,,1740,,

7959,,7998,,8037,,8076,,7942,,7549,,7188,,6865,,6577,,6302,,6055,,5829,,5625,,5428,,5252,,5088,,4931,,4791,,4657,,4532,,4417,,4309,,4206,,4105,,4014,,3926,,3845,,3767,,3696,,3627,,3560,,3495,,3439,,3383,,3326,,3279,,3230,,3184,,3142,,3096,,3059,,3019,,2987,,2952,,2915,,2885,,2856,,2828,,2803,,2777,,2755,,2732,,2708,,2691,,2669,,2648,,2631,,2617,,2600,,2587,,2576,,2562,,2552,,2537,,2529,,2521,,2512,,2506,,2495,,2491,,2484,,2484,,2479,,2474,,2475,,2470,,2470,,2474,,2474,,2473,,2478,,2480,,2484,,2487,,2492,,2498,,2509,,2514,,2523,,2533,,2545,,2556,,2566,,2582,,2595,,2610,,2626,,2642,,2659,,2679,,2697,,2720,,2742,,2766,,2788,,2817,,2842,,2873,,2901,,2933,,2967,,3002,,3039,,3078,,3116,,3162,,3205,,3250,,3301,,3352,,3406,,3462,,3528,,3474,,3422,,3367,,3315,,3267,,3223,,3179,,3139,,3101,,3064,,3025,,2993,,2959,,2930,,2898,,2871,,2842,,2819,,2796,,2774,,2751,,2733,,2711,,2691,,2679,,2658,,2645,,2630,,2620,,2607,,2596,,2586,,2574,,2565,,2559,,2552,,2544,,2536,,2533,,2528,,2524,,2525,,2522,,2522,,2523,,2523,,2524,,2525,,2525,,2531,,2535,,2540,,2545,,2552,,2563,,2567,,2577,,2590,,

1927,,1888,,1850,,1814,,1784,,1754,,1723,,1692,,1664,,1638,,1613,,1591,,1567,,1548,,1527,,1508,,1492,,1472,,1455,,1441,,1426,,1410,,1397,,1385,,1374,,1363,,1351,,1339,,1328,,1318,,1313,,1301,,1296,,1289,,1281,,1277,,1271,,1264,,1260,,1256,,1250,,1245,,1239,,1241,,1237,,1235,,1232,,1228,,1227,,1230,,1226,,1229,,1226,,1227,,1229,,1231,,1235,,1234,,1238,,1239,,1242,,1248,,1253,,1256,,1261,,1267,,1271,,1279,,1287,,1291,,1302,,1308,,1317,,1327,,1337,,1308,,1263,,1216,,1176,,1138,,1102,,1070,,1038,,1008,,980,,954,,932,,912,,887,,867,,851,,835,,814,,799,,784,,768,,759,,746,,731,,720,,711,,700,,691,,678,,669,,665,,655,,647,,637,,633,,626,,619,,613,,605,,601,,595,,592,,587,,581,,578,,572,,571,,566,,564,,558,,556,,553,,550,,548,,548,,547,,545,,544,,543,,537,,539,,540,,539,,536,,538,,538,,533,,533,,537,,536,,537,,536,,539,,540,,538,,540,,545,,542,,547,,548,,553,,554,,555,,557,,563,,565,,571,,574,,577,,578,,584,,590,,593,,601,,602,,608,,615,,624,,629,,637,,644,,652,,657,,665,,674,,686,,

10928,,11029,,11138,,11245,,11363,,11487,,11620,,11753,,11896,,12040,,12204,,12369,,12537,,12723,,12919,,13123,,13327,,13549,,13400,,5593,,5609,,5866,,12572,,12388,,12213,,12048,,11888,,11737,,11599,,11455,,11327,,11201,,11088,,10974,,10868,,10766,,10670,,10579,,10492,,10406,,10330,,10259,,10187,,10125,,10061,,10002,,9947,,9899,,9850,,9809,,9766,,9731,,9693,,9666,,9635,,9613,,9592,,9569,,9554,,9544,,9532,,9523,,9520,,9518,,9519,,9526,,6744,,5069,,4073,,3395,,2912,,2545,,2262,,2040,,1856,,1699,,1576,,1464,,1367,,1283,,1210,,1146,,1089,,1033,,984,,945,,903,,871,,839,,806,,778,,752,,731,,704,,688,,667,,647,,631,,614,,602,,588,,572,,563,,551,,538,,530,,519,,510,,498,,489,,483,,474,,469,,460,,453,,447,,442,,437,,430,,428,,422,,416,,410,,405,,402,,400,,397,,391,,388,,386,,384,,379,,376,,375,,372,,369,,368,,367,,363,,365,,362,,357,,358,,359,,358,,354,,357,,355,,353,,353,,354,,353,,352,,353,,353,,354,,352,,353,,351,,353,,355,,355,,353,,358,,358,,357,,358,,362,,362,,364,,366,,369,,369,,374,,376,,377,,381,,382,,384,,388,,392,,

10929,,11033,,11136,,11244,,11368,,11489,,11618,,11749,,11892,,12042,,12202,,12368,,12545,,12726,,12920,,13112,,13331,,13560,,13404,,5593,,5606,,5864,,12570,,12385,,12211,,12043,,11885,,11739,,11594,,11456,,11324,,11204,,11086,,10975,,10865,,10765,,10672,,10578,,10494,,10409,,10328,,10258,,10187,,10124,,10063,,10001,,9952,,9897,,9853,,9807,,9766,,9731,,9697,,9663,,9639,,9611,,9589,,9570,,9555,,9544,,9534,,9524,,9520,,9521,,9519,,9525,,6770,,5072,,4042,,3377,,2910,,2541,,2261,,2037,,1856,,1700,,1574,,1463,,1369,,1283,,1209,,1142,,1084,,1034,,987,,942,,906,,870,,838,,808,,780,,754,,730,,708,,684,,669,,649,,634,,616,,603,,586,,576,,561,,550,,538,,527,,516,,509,,501,,493,,481,,474,,469,,459,,455,,446,,444,,434,,430,,425,,419,,418,,411,,410,,405,,398,,396,,393,,391,,385,,383,,380,,377,,377,,371,,370,,369,,367,,366,,363,,360,,360,,359,,360,,358,,357,,355,,356,,354,,354,,354,,354,,352,,353,,354,,353,,350,,350,,352,,355,,353,,355,,353,,359,,356,,358,,362,,362,,365,,366,,367,,366,,372,,371,,373,,377,,383,,382,,384,,390,,390,,

10929,,11028,,11136,,11251,,11365,,11488,,11617,,11756,,11897,,12049,,12200,,12363,,12537,,12720,,12916,,13115,,13331,,13551,,13407,,5596,,5609,,5868,,12570,,12384,,12210,,12040,,11888,,11738,,11593,,11459,,11330,,11205,,11086,,10972,,10868,,10764,,10672,,10582,,10493,,10409,,10330,,10258,,10188,,10122,,10060,,10004,,9948,,9896,,9851,,9807,,9765,,9727,,9697,,9664,,9634,,9613,,9588,,9570,,9557,,9543,,9533,,9526,,9523,,9521,,9521,,9523,,6725,,5092,,4047,,3382,,2910,,2543,,2263,,2040,,1856,,1702,,1572,,1461,,1370,,1284,,1212,,1143,,1089,,1033,,989,,946,,907,,870,,836,,808,,781,,753,,727,,706,,686,,666,,650,,633,,614,,600,,587,,574,,564,,551,,539,,527,,519,,508,,501,,491,,484,,476,,468,,462,,453,,448,,444,,437,,429,,424,,423,,414,,410,,406,,402,,399,,396,,391,,389,,386,,385,,379,,379,,376,,372,,371,,368,,368,,363,,364,,363,,359,,358,,356,,356,,356,,355,,352,,355,,351,,354,,353,,352,,349,,352,,350,,354,,353,,351,,352,,353,,357,,356,,354,,356,,360,,358,,360,,361,,364,,364,,366,,368,,372,,374,,379,,379,,382,,383,,389,,394,,

10931,,11032,,11139,,11248,,11365,,11489,,11617,,11755,,11897,,12046,,12200,,12365,,12540,,12727,,12915,,13122,,13327,,13556,,13408,,5593,,5637,,5867,,12571,,12389,,12211,,12049,,11885,,11735,,11591,,11457,,11326,,11203,,11086,,10972,,10868,,10766,,10670,,10581,,10495,,10408,,10331,,10257,,10190,,10123,,10064,,10002,,9947,,9898,,9848,,9808,,9764,,9731,,9696,,9662,,9638,,9612,,9592,,9571,,9554,,9544,,9534,,9527,,9519,,9521,,9523,,9523,,6716,,5053,,4056,,3394,,2907,,2537,,2261,,2036,,1853,,1704,,1575,,1461,,1367,,1283,,1213,,1142,,1085,,1035,,986,,943,,904,,869,,835,,808,,777,,752,,728,,705,,688,,667,,650,,631,,616,,600,,586,,573,,560,,550,,538,,527,,520,,509,,502,,491,,485,,474,,468,,463,,454,,449,,442,,435,,431,,424,,419,,417,,413,,406,,405,,400,,397,,392,,389,,385,,382,,380,,380,,376,,372,,371,,367,,366,,365,,365,,361,,359,,358,,357,,354,,356,,356,,353,,354,,351,,354,,353,,349,,350,,353,,349,,352,,351,,355,,354,,354,,354,,355,,359,,359,,359,,362,,364,,363,,365,,366,,368,,372,,375,,375,,379,,378,,382,,388,,390,,391,,

10928,,11030,,11136,,11247,,11364,,11489,,11618,,11752,,11892,,12046,,12205,,12366,,12540,,12723,,12911,,13117,,13333,,13552,,13400,,5593,,5608,,5864,,12568,,12385,,12212,,12049,,11886,,11741,,11597,,11459,,11330,,11205,,11087,,10971,,10864,,10765,,10670,,10575,,10495,,10412,,10329,,10257,,10189,,10125,,10060,,10002,,9948,,9897,,9854,,9810,,9769,,9730,,9695,,9664,,9639,,9614,,9591,,9572,,9555,,9544,,9531,,9525,,9521,,9520,,9522,,9525,,6745,,5094,,4064,,3383,,2903,,2542,,2261,,2041,,1857,,1701,,1574,,1463,,1368,,1287,,1211,,1143,,1086,,1032,,989,,946,,904,,869,,836,,805,,777,,753,,727,,707,,689,,666,,647,,631,,616,,604,,590,,572,,563,,549,,536,,528,,518,,508,,498,,490,,484,,476,,470,,460,,453,,449,,441,,436,,431,,427,,420,,418,,412,,407,,401,,401,,395,,392,,389,,386,,382,,382,,376,,375,,371,,370,,369,,365,,364,,364,,360,,359,,360,,358,,357,,357,,355,,353,,351,,354,,354,,352,,351,,351,,351,,350,,352,,351,,351,,353,,352,,355,,354,,358,,359,,358,,361,,360,,364,,366,,368,,370,,370,,374,,373,,377,,381,,381,,384,,387,,392,,

6398,,7342,,8598,,9731,,9722,,9711,,9704,,9700,,9701,,9704,,9709,,9716,,9728,,9743,,9760,,9776,,9800,,9826,,9857,,9888,,9925,,9961,,10007,,10052,,10102,,10155,,10209,,10267,,10331,,10398,,10472,,10546,,10629,,10715,,10803,,10896,,10999,,11103,,11215,,11327,,11449,,11575,,11713,,11853,,11998,,12158,,12322,,12491,,12673,,12861,,13060,,13269,,13491,,13268,,5503,,5690,,12630,,12438,,12249,,12082,,11913,,11758,,11605,,11464,,11329,,11200,,11074,,10957,,10844,,10740,,10641,,10539,,10447,,10366,,10282,,10206,,10130,,10062,,9997,,9935,,9875,,9823,,9768,,9724,,9681,,9637,,9599,,9566,,9536,,9508,,9484,,9458,,9438,,9426,,9413,,9398,,9395,,9389,,9385,,9384,,9392,,7510,,5474,,4361,,3597,,3075,,2680,,2369,,2128,,1934,,1770,,1635,,1516,,1419,,1327,,1253,,1183,,1120,,1068,,1018,,974,,930,,897,,863,,830,,802,,776,,749,,728,,703,,687,,669,,650,,631,,617,,601,,589,,578,,562,,551,,543,,531,,523,,513,,504,,495,,488,,480,,473,,465,,458,,455,,445,,443,,436,,431,,428,,423,,418,,412,,408,,407,,402,,397,,394,,390,,389,,385,,385,,383,,377,,377,,374,,374,,373,,369,,366,,366,,366,,366,,364,,

9482,,9461,,9448,,9432,,9418,,9408,,9404,,9398,,9401,,9400,,9403,,9414,,9425,,9440,,9453,,9475,,9495,,9520,,9549,,9581,,9618,,9654,,9696,,9740,,9788,,9839,,9892,,9952,,10011,,10080,,10148,,10222,,10299,,3940,,3917,,3976,,4059,,4118,,4207,,10974,,11094,,11215,,11347,,11480,,11629,,11773,,11603,,11349,,11114,,10893,,10678,,10485,,10294,,10113,,9945,,9776,,9624,,9474,,9337,,9206,,9077,,8957,,8846,,8732,,8631,,8531,,8436,,8352,,8265,,8184,,8106,,8035,,7961,,7897,,7837,,7774,,7721,,7667,,7619,,7571,,7528,,7483,,7447,,7411,,7377,,7347,,7318,,7289,,7269,,7245,,7225,,7207,,7196,,7181,,7172,,7161,,7158,,7154,,7152,,7154,,7156,,7161,,7167,,7178,,6622,,5645,,4911,,4368,,3925,,3563,,3258,,3001,,2792,,2607,,2447,,2305,,2174,,2064,,1963,,1874,,1789,,1714,,1650,,1585,,1525,,1474,,1424,,1382,,1340,,1300,,1262,,1226,,1195,,1163,,1134,,1107,,1085,,1061,,1036,,1016,,996,,979,,961,,944,,928,,911,,894,,882,,868,,858,,845,,831,,822,,813,,803,,795,,785,,777,,766,,760,,753,,743,,737,,734,,726,,720,,717,,710,,704,,703,,697,,692,,690,,688,,681,,679,,677,,675,,670,,670,,666,,

9062,,9046,,9029,,9014,,9004,,8993,,8986,,8986,,8985,,8988,,8990,,8996,,9011,,9024,,9038,,9054,,9078,,9102,,9127,,9156,,9192,,9229,,9266,,9309,,9357,,9404,,9453,,9509,,9570,,9630,,9701,,9768,,9842,,9605,,9267,,8957,,8656,,8392,,8134,,7905,,7677,,7473,,7280,,7102,,6932,,6768,,6619,,6476,,6344,,6214,,6093,,5982,,5871,,5768,,5672,,5578,,5492,,5407,,5330,,5250,,5178,,5110,,5046,,4985,,4922,,4866,,4814,,4760,,4713,,4667,,4623,,4583,,4540,,4508,,4470,,4435,,4405,,4372,,4344,,4321,,4295,,4268,,4249,,4228,,4207,,4190,,4173,,4160,,4145,,4133,,4124,,4110,,4104,,4095,,4092,,4084,,4081,,4079,,4078,,4083,,4083,,4084,,4090,,4094,,4102,,4108,,4119,,4127,,4141,,4150,,4167,,4180,,4198,,4219,,3983,,3744,,3543,,3362,,3201,,3050,,2915,,2791,,2684,,2580,,2487,,2397,,2323,,2249,,2175,,2112,,2053,,1998,,1946,,1897,,1850,,1804,,1763,,1725,,1688,,1652,,1622,,1593,,1560,,1533,,1506,,1483,,1457,,1435,,1417,,1396,,1374,,1357,,1339,,1321,,1303,,1292,,1275,,1260,,1247,,1239,,1224,,1215,,1200,,1194,,1183,,1174,,1166,,1158,,1148,,1141,,1134,,1131,,1123,,1115,,1112,,1105,,1103,,1098,,1093,,1092,,1086,,

11239,,11397,,11561,,11731,,11913,,12100,,11997,,11782,,11587,,11393,,11216,,11044,,10881,,10729,,10580,,10439,,10307,,10180,,10057,,9941,,9832,,9727,,9630,,9533,,9447,,9358,,9278,,9202,,9128,,9058,,8992,,8932,,8874,,8820,,8767,,8717,,8673,,8631,,8594,,8557,,8524,,8491,,8466,,8440,,8419,,8398,,8381,,8365,,8355,,8346,,8337,,8334,,8331,,8330,,8335,,8342,,8348,,8359,,8374,,8388,,8405,,8429,,8233,,7489,,6860,,6333,,5876,,5481,,5140,,4844,,4577,,4338,,4123,,3936,,3768,,3607,,3458,,3331,,3208,,3102,,2992,,2901,,2812,,2730,,2649,,2573,,2509,,2447,,2383,,2327,,2275,,2225,,2181,,2135,,2095,,2053,,2014,,1977,,1946,,1914,,1879,,1851,,1824,,1799,,1773,,1746,,1728,,1702,,1681,,1666,,1646,,1625,,1610,,1592,,1580,,1565,,1552,,1538,,1525,,1513,,1501,,1489,,1482,,1470,,1460,,1456,,1448,,1440,,1433,,1427,,1422,,1418,,1410,,1408,,1404,,1397,,1397,,1393,,1390,,1388,,1388,,1385,,1384,,1386,,1386,,1389,,1388,,1391,,1391,,1396,,1399,,1401,,1403,,1407,,1414,,1420,,1425,,1431,,1437,,1443,,1450,,1458,,1466,,1477,,1487,,1498,,1507,,1519,,1532,,1543,,1557,,1573,,1585,,1601,,1620,,1635,,1653,,1672,,1695,,1713,,1737,,

5851,,5948,,6054,,6163,,6273,,6396,,6524,,6661,,6806,,6957,,7119,,7287,,7472,,7666,,7874,,8090,,8323,,8574,,8850,,8970,,8884,,8814,,8739,,8671,,8607,,8545,,8489,,8436,,8385,,8333,,8288,,8246,,8208,,8171,,8137,,8109,,8078,,8053,,8029,,8009,,7994,,7975,,7962,,7955,,7947,,7940,,2993,,2837,,2718,,2717,,2718,,7954,,7964,,7978,,7996,,8013,,8035,,8056,,8083,,8110,,8142,,8178,,8215,,8255,,8297,,8343,,8392,,8442,,8500,,8558,,8616,,8679,,8752,,8824,,8900,,8982,,9067,,9157,,9246,,9348,,9451,,9559,,9677,,9796,,9669,,9452,,9250,,9056,,8868,,8696,,8534,,8379,,8235,,8090,,7958,,7832,,7715,,7600,,7488,,7387,,7290,,7192,,7107,,7017,,6939,,6862,,6786,,6720,,6649,,6591,,6528,,6473,,6416,,6366,,6317,,6274,,6231,,6188,,6151,,6115,,6081,,6049,,6020,,5988,,5965,,5942,,5920,,5902,,5880,,5866,,5851,,5838,,5828,,5823,,5816,,5810,,5808,,5806,,5807,,5807,,5811,,5816,,5823,,5829,,5843,,5856,,5868,,5888,,5903,,5926,,5945,,5972,,5993,,6023,,6054,,6087,,6118,,6156,,6197,,6237,,6035,,5794,,5561,,5357,,5177,,4999,,4841,,4692,,4550,,4423,,4299,,4186,,4079,,3975,,3881,,3794,,3714,,3636,,3555,,3486,,3421,,

6358,,6323,,6296,,6271,,6244,,6221,,6200,,6184,,6165,,6153,,6140,,6125,,6117,,6112,,6105,,6101,,6100,,6099,,6104,,6107,,6111,,6119,,6131,,6142,,6154,,6169,,6186,,6205,,6228,,6250,,6276,,6302,,6330,,6361,,6397,,6432,,6471,,6513,,6557,,6602,,6649,,6703,,6757,,6814,,6875,,6939,,7005,,6915,,6721,,6534,,6362,,6195,,6044,,5902,,5768,,5640,,5518,,5406,,5297,,5198,,5100,,5009,,4922,,4840,,4765,,4686,,4617,,4547,,4488,,4424,,4369,,4312,,4260,,4212,,4162,,4118,,4074,,4031,,3993,,3954,,3922,,3889,,3855,,3824,,3796,,3770,,3746,,3722,,3701,,3676,,3658,,3638,,3624,,3605,,3590,,3576,,3563,,3552,,3545,,3534,,3524,,3518,,3515,,3508,,3507,,3502,,3503,,3503,,3500,,3505,,3508,,3510,,3513,,3520,,3526,,3534,,3547,,3553,,3567,,3579,,3595,,3611,,3624,,3642,,3659,,3678,,3703,,3723,,3749,,3776,,3802,,3833,,3860,,3892,,3926,,3962,,3998,,4040,,4079,,4122,,4170,,4216,,4269,,4322,,4377,,4436,,4494,,4562,,4630,,4701,,4774,,4857,,4936,,5023,,5118,,5215,,5316,,5418,,5340,,5265,,5197,,5129,,5068,,5003,,4947,,4891,,4841,,4792,,4743,,4697,,4655,,4615,,4574,,4538,,4506,,4472,,4443,,4411,,4384,,4362,,4336,,

9916,,9994,,10079,,10163,,10255,,10349,,10148,,9847,,9573,,9307,,9066,,8842,,8630,,8426,,8238,,8059,,7895,,7735,,7581,,7441,,7302,,7174,,7056,,6939,,6827,,6721,,6622,,6529,,6438,,6351,,6269,,6196,,6117,,6045,,5981,,5916,,5858,,5802,,5743,,5690,,5640,,5594,,5552,,5509,,5466,,5430,,5398,,5364,,5329,,5300,,5272,,5248,,5223,,5202,,5178,,5161,,5143,,5129,,5114,,5100,,5090,,5085,,5076,,5068,,5062,,5060,,5059,,5061,,5064,,5066,,5070,,5075,,5086,,5095,,5105,,5115,,5131,,5144,,5000,,4606,,4277,,3987,,3737,,3517,,3324,,3148,,2998,,2851,,2728,,2614,,2506,,2412,,2324,,2244,,2168,,2097,,2030,,1972,,1914,,1862,,1811,,1766,,1722,,1685,,1644,,1608,,1574,,1543,,1509,,1482,,1453,,1431,,1402,,1380,,1358,,1337,,1315,,1297,,1282,,1262,,1244,,1229,,1216,,1200,,1188,,1176,,1164,,1151,,1141,,1129,,1119,,1110,,1101,,1094,,1081,,1077,,1068,,1062,,1055,,1047,,1045,,1037,,1034,,1030,,1026,,1022,,1017,,1011,,1011,,1010,,1005,,1002,,1000,,1003,,1001,,1000,,997,,998,,1000,,998,,1001,,999,,1003,,1004,,1004,,1007,,1009,,1012,,1020,,1023,,1023,,1028,,1034,,1041,,1046,,1048,,1056,,1063,,1069,,1076,,1084,,

7090,,7156,,7227,,7296,,7374,,7453,,7535,,7621,,7717,,7814,,7918,,8022,,8137,,8252,,8375,,8511,,8640,,8790,,8934,,9102,,9267,,9444,,9631,,9830,,10045,,10260,,10503,,10428,,10296,,10173,,10057,,9951,,9840,,9745,,9647,,9558,,9471,,9388,,9313,,9237,,9167,,9103,,9043,,8982,,8929,,8878,,4205,,4184,,4160,,4146,,4187,,4235,,8598,,8572,,8549,,8526,,8507,,8490,,8473,,8460,,8453,,8445,,8443,,8442,,8443,,8443,,8450,,8457,,8472,,8484,,8501,,8516,,8539,,8565,,8590,,8624,,8657,,8687,,8728,,8771,,8816,,8861,,8910,,8969,,9023,,9083,,9151,,9218,,9294,,9063,,8752,,8459,,8181,,7932,,7702,,7485,,7279,,7088,,6911,,6742,,6584,,6431,,6296,,6159,,6036,,5919,,5805,,5698,,5599,,5503,,5412,,5321,,5239,,5162,,5087,,5014,,4952,,4887,,4822,,4765,,4709,,4660,,4611,,4559,,4516,,4473,,4432,,4390,,4353,,4322,,4285,,4255,,4225,,4198,,4173,,4144,,4121,,4099,,4079,,4062,,4042,,4026,,4013,,4000,,3986,,3974,,3966,,3958,,3951,,3942,,3937,,3936,,3931,,3931,,3929,,3930,,3934,,3937,,3942,,3946,,3957,,3963,,3975,,3983,,3995,,4007,,4022,,4038,,4058,,4073,,4096,,4116,,4139,,4164,,4189,,4215,,4249,,4107,,3946,,3802,,3665,,

8447,,8524,,8602,,8689,,8778,,8876,,8970,,2995,,2917,,2849,,2773,,2760,,2758,,2759,,2751,,2744,,8924,,8760,,8611,,8466,,8329,,8201,,8072,,7951,,7843,,7735,,7634,,7535,,7443,,7356,,7270,,7187,,7116,,7044,,6974,,6909,,6845,,6788,,6729,,6679,,6626,,6580,,6535,,6495,,6453,,6419,,6379,,6349,,6317,,6291,,6262,,6239,,6217,,6198,,6179,,6161,,6149,,6134,,6127,,6117,,6109,,6103,,6103,,6102,,6103,,6106,,6109,,6112,,6122,,6131,,6143,,6160,,6172,,6193,,6213,,6232,,6254,,6283,,6308,,6342,,6374,,6406,,6442,,6483,,6523,,6565,,6615,,6665,,6525,,6288,,6070,,5868,,5683,,5504,,5345,,5191,,5057,,4920,,4796,,4678,,4569,,4470,,4370,,4276,,4191,,4105,,4029,,3958,,3884,,3819,,3753,,3693,,3636,,3581,,3530,,3485,,3435,,3389,,3348,,3310,,3270,,3231,,3200,,3164,,3131,,3101,,3075,,3046,,3021,,2997,,2975,,2955,,2934,,2915,,2896,,2877,,2859,,2845,,2831,,2818,,2804,,2795,,2786,,2773,,2768,,2758,,2751,,2748,,2739,,2736,,2733,,2733,,2727,,2726,,2730,,2731,,2733,,2732,,2734,,2740,,2745,,2753,,2758,,2763,,2772,,2783,,2791,,2801,,2817,,2830,,2843,,2857,,2873,,2888,,2906,,2927,,2947,,2970,,2993,,3014,,3040,,

2699,,2679,,2661,,2661,,9093,,9193,,9297,,9402,,9517,,9450,,9240,,9035,,8838,,8651,,8477,,8314,,8160,,8016,,7876,,7743,,7612,,7496,,7382,,7274,,7168,,7070,,6976,,6892,,6808,,6726,,6647,,6578,,6506,,6439,,6378,,6317,,6258,,6210,,6155,,6107,,6058,,6019,,5977,,5937,,5899,,5865,,5833,,5804,,5776,,5750,,5729,,5702,,5683,,5667,,5649,,5634,,5622,,5612,,5602,,5593,,5585,,5580,,5580,,5579,,5578,,5579,,5587,,5590,,5597,,5608,,5620,,5629,,5644,,5661,,5677,,5699,,5720,,5743,,5767,,5800,,5827,,5859,,5889,,5928,,5965,,6006,,6046,,6095,,5885,,5671,,5467,,5291,,5121,,4968,,4823,,4684,,4556,,4435,,4322,,4220,,4120,,4029,,3938,,3858,,3779,,3701,,3634,,3565,,3501,,3442,,3386,,3332,,3280,,3231,,3183,,3139,,3098,,3058,,3022,,2982,,2950,,2913,,2883,,2852,,2824,,2799,,2771,,2749,,2723,,2704,,2682,,2661,,2642,,2625,,2610,,2594,,2578,,2568,,2556,,2539,,2532,,2521,,2508,,2503,,2494,,2487,,2484,,2474,,2472,,2466,,2463,,2461,,2460,,2461,,2458,,2460,,2461,,2465,,2466,,2470,,2475,,2480,,2487,,2493,,2498,,2507,,2517,,2526,,2539,,2552,,2563,,2577,,2590,,2605,,2624,,2640,,2659,,2679,,2699,,2721,,2741,,

2697,,2678,,2664,,2660,,9096,,9189,,9291,,9402,,9514,,9458,,9233,,9032,,8836,,8657,,8481,,8318,,8161,,8011,,7874,,7740,,7617,,7495,,7381,,7272,,7171,,7071,,6976,,6890,,6806,,6728,,6647,,6575,,6504,,6439,,6375,,6316,,6262,,6203,,6156,,6109,,6060,,6016,,5976,,5936,,5904,,5865,,5834,,5807,,5778,,5750,,5725,,5703,,5684,,5667,,5650,,5634,,5620,,5608,,5601,,5594,,5587,,5584,,5582,,5578,,5577,,5583,,5584,,5591,,5601,,5609,,5620,,5629,,5646,,5661,,5679,,5700,,5722,,5745,,5770,,5797,,5827,,5858,,5894,,5927,,5965,,6004,,6047,,6092,,5885,,5666,,5477,,5295,,5124,,4963,,4821,,4684,,4558,,4435,,4324,,4219,,4120,,4024,,3938,,3854,,3775,,3704,,3633,,3565,,3501,,3439,,3386,,3329,,3280,,3233,,3185,,3141,,3096,,3058,,3018,,2984,,2948,,2913,,2883,,2855,,2825,,2798,,2774,,2746,,2724,,2700,,2682,,2664,,2644,,2627,,2609,,2596,,2577,,2568,,2554,,2542,,2530,,2522,,2509,,2502,,2496,,2488,,2481,,2476,,2473,,2467,,2465,,2464,,2459,,2461,,2459,,2461,,2463,,2463,,2466,,2470,,2474,,2478,,2484,,2493,,2501,,2510,,2516,,2529,,2537,,2548,,2561,,2576,,2590,,2608,,2623,,2640,,2655,,2679,,2696,,2717,,2742,,

2698,,2677,,2664,,2661,,9094,,9191,,9293,,9406,,9519,,9460,,9233,,9033,,8839,,8650,,8480,,8314,,8163,,8014,,7874,,7741,,7615,,7496,,7384,,7277,,7170,,7071,,6980,,6888,,6805,,6728,,6646,,6574,,6510,,6440,,6376,,6316,,6261,,6204,,6152,,6105,,6062,,6020,,5978,,5936,,5902,,5870,,5834,,5807,,5775,,5752,,5726,,5704,,5682,,5666,,5649,,5634,,5622,,5609,,5600,,5594,,5586,,5583,,5581,,5581,,5581,,5580,,5587,,5591,,5600,,5610,,5617,,5629,,5645,,5660,,5680,,5700,,5721,,5744,,5770,,5796,,5825,,5857,,5894,,5930,,5968,,6008,,6050,,6092,,5883,,5673,,5468,,5292,,5122,,4964,,4817,,4685,,4559,,4436,,4322,,4216,,4122,,4028,,3941,,3857,,3779,,3701,,3630,,3565,,3501,,3441,,3384,,3333,,3281,,3232,,3186,,3138,,3097,,3055,,3021,,2983,,2947,,2914,,2884,,2852,,2825,,2798,,2775,,2750,,2723,,2702,,2685,,2663,,2645,,2627,,2609,,2592,,2581,,2568,,2551,,2540,,2532,,2519,,2513,,2501,,2497,,2485,,2482,,2474,,2471,,2470,,2466,,2460,,2460,,2461,,2458,,2458,,2463,,2464,,2467,,2472,,2473,,2480,,2486,,2491,,2499,,2508,,2515,,2528,,2538,,2551,,2562,,2576,,2589,,2607,,2623,,2639,,2658,,2678,,2696,,2721,,2744,,

2696,,2677,,2661,,2662,,9092,,9192,,9296,,9404,,9512,,9460,,9237,,9026,,8835,,8650,,8481,,8319,,8162,,8012,,7873,,7743,,7615,,7493,,7383,,7274,,7170,,7072,,6977,,6892,,6803,,6728,,6650,,6575,,6503,,6441,,6377,,6316,,6262,,6207,,6154,,6107,,6061,,6019,,5975,,5935,,5903,,5868,,5836,,5805,,5778,,5752,,5730,,5705,,5685,,5665,,5650,,5636,,5621,,5610,,5600,,5595,,5586,,5582,,5581,,5581,,5581,,5583,,5586,,5592,,5599,,5606,,5619,,5631,,5646,,5661,,5679,,5701,,5722,,5746,,5768,,5799,,5825,,5856,,5890,,5926,,5966,,6007,,6047,,6092,,5878,,5668,,5473,,5291,,5123,,4964,,4820,,4679,,4556,,4438,,4326,,4217,,4118,,4030,,3939,,3855,,3779,,3701,,3630,,3564,,3502,,3441,,3385,,3334,,3281,,3232,,3183,,3139,,3096,,3055,,3019,,2982,,2951,,2913,,2883,,2852,,2828,,2799,,2774,,2747,,2723,,2701,,2681,,2660,,2644,,2625,,2609,,2594,,2581,,2565,,2551,,2540,,2532,,2518,,2510,,2500,,2495,,2490,,2481,,2475,,2474,,2470,,2466,,2462,,2463,,2460,,2459,,2462,,2463,,2461,,2467,,2471,,2472,,2482,,2486,,2492,,2500,,2510,,2519,,2529,,2536,,2551,,2562,,2577,,2590,,2606,,2623,,2637,,2660,,2676,,2696,,2717,,2740,,

2696,,2678,,2664,,2662,,9094,,9193,,9297,,9404,,9517,,9453,,9238,,9035,,8840,,8652,,8485,,8318,,8160,,8015,,7874,,7741,,7617,,7497,,7385,,7274,,7170,,7075,,6978,,6893,,6805,,6724,,6645,,6578,,6506,,6441,,6376,,6318,,6261,,6208,,6157,,6108,,6058,,6017,,5976,,5938,,5902,,5866,,5837,,5806,,5778,,5750,,5727,,5705,,5682,,5666,,5648,,5635,,5620,,5611,,5599,,5595,,5589,,5582,,5579,,5579,,5578,,5580,,5587,,5594,,5600,,5608,,5618,,5629,,5648,,5659,,5681,,5700,,5720,,5745,,5768,,5798,,5825,,5857,,5891,,5929,,5966,,6004,,6048,,6094,,5883,,5668,,5472,,5291,,5127,,4969,,4817,,4683,,4554,,4438,,4328,,4216,,4120,,4028,,3937,,3857,,3779,,3702,,3632,,3566,,3504,,3442,,3388,,3329,,3279,,3231,,3187,,3141,,3100,,3057,,3019,,2983,,2950,,2917,,2883,,2855,,2827,,2797,,2773,,2750,,2725,,2702,,2683,,2664,,2643,,2629,,2612,,2596,,2579,,2565,,2551,,2543,,2528,,2520,,2511,,2503,,2494,,2486,,2484,,2477,,2470,,2469,,2464,,2460,,2460,,2461,,2460,,2461,,2464,,2463,,2466,,2470,,2477,,2481,,2487,,2495,,2499,,2507,,2517,,2528,,2540,,2550,,2560,,2577,,2588,,2605,,2620,,2637,,2656,,2679,,2697,,2717,,2742,,

2700,,2676,,2663,,2662,,9094,,9189,,9292,,9401,,9518,,9455,,9240,,9029,,8837,,8658,,8481,,8316,,8160,,8013,,7872,,7739,,7615,,7500,,7379,,7276,,7174,,7072,,6978,,6887,,6806,,6726,,6645,,6575,,6504,,6436,,6378,,6317,,6260,,6206,,6155,,6109,,6061,,6020,,5974,,5940,,5901,,5866,,5835,,5806,,5776,,5752,,5728,,5703,,5687,,5667,,5650,,5636,,5622,,5612,,5601,,5595,,5589,,5581,,5580,,5580,,5580,,5584,,5584,,5591,,5600,,5608,,5619,,5631,,5647,,5663,,5677,,5699,,5722,,5742,,5770,,5796,,5825,,5859,,5891,,5929,,5965,,6007,,6046,,6092,,5878,,5673,,5472,,5294,,5123,,4966,,4820,,4687,,4553,,4435,,4322,,4221,,4122,,4028,,3941,,3852,,3776,,3705,,3632,,3565,,3501,,3445,,3384,,3331,,3279,,3230,,3184,,3137,,3096,,3057,,3020,,2985,,2946,,2915,,2883,,2856,,2824,,2796,,2773,,2746,,2726,,2703,,2681,,2663,,2643,,2624,,2610,,2596,,2582,,2565,,2552,,2543,,2533,,2518,,2511,,2502,,2494,,2487,,2482,,2478,,2470,,2470,,2466,,2461,,2459,,2462,,2461,,2463,,2462,,2462,,2465,,2469,,2475,,2478,,2487,,2495,,2501,,2509,,2518,,2525,,2538,,2548,,2562,,2577,,2588,,2604,,2621,,2640,,2656,,2679,,2699,,2721,,2742,,

2696,,2678,,2661,,2657,,9095,,9193,,9295,,9399,,9519,,9453,,9240,,9033,,8842,,8654,,8477,,8316,,8161,,8014,,7872,,7743,,7611,,7497,,7381,,7272,,7171,,7072,,6983,,6888,,6804,,6728,,6649,,6575,,6508,,6437,,6380,,6319,,6261,,6207,,6158,,6106,,6061,,6015,,5977,,5936,,5902,,5868,,5835,,5806,,5775,,5750,,5725,,5707,,5685,,5664,,5647,,5635,,5620,,5612,,5599,,5594,,5589,,5580,,5577,,5579,,5578,,5584,,5584,,5591,,5597,,5607,,5620,,5632,,5646,,5663,,5679,,5700,,5719,,5745,,5769,,5796,,5825,,5856,,5890,,5926,,5963,,6007,,6049,,6096,,5885,,5664,,5475,,5288,,5121,,4960,,4816,,4684,,4557,,4438,,4321,,4219,,4123,,4023,,3938,,3858,,3781,,3700,,3633,,3564,,3503,,3446,,3385,,3329,,3278,,3230,,3184,,3139,,3098,,3059,,3019,,2984,,2947,,2916,,2882,,2855,,2827,,2797,,2772,,2749,,2725,,2704,,2681,,2661,,2644,,2625,,2609,,2595,,2581,,2565,,2551,,2542,,2532,,2519,,2510,,2504,,2495,,2488,,2482,,2476,,2473,,2466,,2467,,2462,,2459,,2461,,2461,,2459,,2460,,2462,,2467,,2469,,2474,,2478,,2487,,2490,,2500,,2508,,2515,,2526,,2538,,2549,,2561,,2574,,2588,,2607,,2620,,2640,,2660,,2677,,2698,,2717,,2743,,

2699,,2677,,2663,,2659,,9091,,9193,,9297,,9401,,9516,,9456,,9233,,9030,,8838,,8650,,8483,,8319,,8163,,8014,,7874,,7739,,7616,,7496,,7381,,7276,,7169,,7070,,6978,,6893,,6804,,6728,,6649,,6576,,6505,,6441,,6376,,6316,,6260,,6208,,6156,,6104,,6060,,6017,,5976,,5937,,5901,,5869,,5835,,5807,,5778,,5750,,5728,,5703,,5685,,5667,,5649,,5634,,5619,,5610,,5603,,5592,,5589,,5581,,5579,,5578,,5580,,5580,,5583,,5590,,5596,,5607,,5620,,5630,,5645,,5661,,5678,,5700,,5721,,5746,,5771,,5795,,5828,,5859,,5893,,5929,,5968,,6005,,6049,,6094,,5881,,5664,,5474,,5289,,5124,,4965,,4821,,4685,,4557,,4436,,4324,,4219,,4119,,4026,,3939,,3856,,3778,,3699,,3634,,3566,,3501,,3445,,3387,,3331,,3279,,3229,,3183,,3140,,3098,,3057,,3019,,2986,,2950,,2914,,2885,,2857,,2823,,2800,,2774,,2748,,2727,,2701,,2684,,2664,,2643,,2628,,2609,,2595,,2582,,2566,,2551,,2541,,2530,,2522,,2513,,2502,,2496,,2490,,2480,,2475,,2469,,2465,,2467,,2461,,2461,,2459,,2460,,2462,,2460,,2463,,2469,,2471,,2474,,2480,,2485,,2494,,2502,,2509,,2518,,2528,,2536,,2551,,2564,,2576,,2589,,2608,,2622,,2637,,2657,,2676,,2697,,2717,,2739,,

7853,,7835,,7817,,7805,,7797,,7789,,7782,,7781,,7778,,7782,,7787,,7794,,7800,,7812,,7827,,7839,,7857,,7879,,7905,,7930,,7956,,7987,,8021,,8060,,8098,,8139,,8186,,8234,,8281,,8339,,8393,,2958,,2843,,2738,,2717,,2692,,2680,,2677,,2658,,9078,,9174,,9276,,9381,,9496,,9495,,9273,,9058,,8870,,8682,,8510,,8344,,8187,,8037,,7895,,7760,,7635,,7513,,7402,,7292,,7188,,7090,,6991,,6903,,6819,,6738,,6659,,6587,,6519,,6451,,6386,,6324,,6269,,6213,,6164,,6115,,6070,,6027,,5980,,5945,,5905,,5872,,5841,,5810,,5780,,5758,,5729,,5706,,5687,,5671,,5653,,5639,,5626,,5611,,5605,,5594,,5587,,5583,,5581,,5577,,5578,,5580,,5584,,5588,,5597,,5606,,5617,,5629,,5641,,5658,,5677,,5695,,5719,,5743,,5768,,5791,,5821,,5854,,5888,,5921,,5960,,5998,,6040,,6089,,5920,,5703,,5505,,5317,,5151,,4993,,4842,,4705,,4574,,4455,,4344,,4233,,4138,,4044,,3949,,3867,,3788,,3715,,3643,,3576,,3509,,3452,,3393,,3339,,3290,,3238,,3193,,3149,,3103,,3064,,3027,,2990,,2954,,2920,,2890,,2857,,2830,,2802,,2779,,2750,,2728,,2706,,2686,,2667,,2645,,2628,,2611,,2599,,2584,,2566,,2556,,2543,,2533,,2523,,2511,,2503,,2496,,2491,,

7849,,7836,,7817,,7807,,7794,,7787,,7783,,7781,,7779,,7783,,7785,,7789,,7799,,7810,,7824,,7840,,7861,,7882,,7905,,7930,,7959,,7986,,8020,,8061,,8099,,8141,,8185,,8234,,8281,,8336,,8396,,2953,,2841,,2737,,2716,,2692,,2678,,2677,,2654,,9079,,9177,,9274,,9383,,9499,,9494,,9273,,9062,,8869,,8683,,8507,,8340,,8184,,8034,,7899,,7767,,7640,,7514,,7396,,7292,,7189,,7089,,6994,,6902,,6819,,6736,,6659,,6589,,6515,,6451,,6389,,6327,,6268,,6217,,6165,,6113,,6070,,6025,,5984,,5942,,5906,,5874,,5841,,5809,,5780,,5755,,5729,,5711,,5687,,5670,,5650,,5637,,5624,,5615,,5601,,5592,,5588,,5583,,5580,,5577,,5578,,5579,,5585,,5591,,5599,,5608,,5615,,5630,,5644,,5657,,5674,,5696,,5716,,5737,,5763,,5793,,5822,,5854,,5883,,5919,,5960,,6001,,6042,,6088,,5921,,5697,,5503,,5317,,5151,,4991,,4840,,4701,,4576,,4453,,4343,,4238,,4135,,4042,,3950,,3872,,3789,,3715,,3644,,3577,,3511,,3449,,3397,,3340,,3289,,3239,,3189,,3147,,3102,,3062,,3024,,2989,,2952,,2922,,2887,,2861,,2830,,2804,,2776,,2751,,2731,,2709,,2684,,2666,,2646,,2629,,2610,,2599,,2581,,2570,,2553,,2544,,2534,,2524,,2513,,2502,,2497,,2488,,

7852,,7835,,7820,,7807,,7799,,7790,,7786,,7780,,7780,,7781,,7787,,7790,,7798,,7810,,7824,,7842,,7858,,7881,,7904,,7927,,7957,,7990,,8021,,8059,,8100,,8139,,8185,,8230,,8282,,8338,,8396,,2958,,2842,,2735,,2716,,2696,,2679,,2676,,2655,,9080,,9175,,9278,,9381,,9501,,9494,,9272,,9059,,8867,,8687,,8509,,8344,,8190,,8037,,7895,,7763,,7638,,7517,,7400,,7290,,7188,,7090,,6994,,6907,,6819,,6740,,6658,,6584,,6516,,6453,,6387,,6327,,6267,,6213,,6162,,6115,,6069,,6027,,5983,,5944,,5905,,5873,,5838,,5809,,5783,,5755,,5730,,5706,,5689,,5670,,5653,,5637,,5625,,5613,,5605,,5592,,5588,,5582,,5579,,5580,,5581,,5580,,5583,,5590,,5598,,5606,,5617,,5630,,5642,,5660,,5676,,5695,,5716,,5742,,5765,,5794,,5823,,5853,,5885,,5924,,5958,,5998,,6043,,6085,,5922,,5706,,5503,,5321,,5149,,4987,,4841,,4705,,4579,,4457,,4342,,4234,,4134,,4041,,3952,,3870,,3790,,3717,,3645,,3573,,3513,,3455,,3391,,3338,,3290,,3236,,3190,,3148,,3106,,3067,,3027,,2991,,2956,,2918,,2888,,2861,,2829,,2804,,2777,,2750,,2729,,2708,,2685,,2663,,2647,,2628,,2614,,2598,,2584,,2568,,2558,,2542,,2530,,2522,,2514,,2501,,2498,,2487,,

7852,,7836,,7817,,7805,,7798,,7787,,7783,,7781,,7779,,7779,,7787,,7791,,7801,,7812,,7824,,7841,,7860,,7881,,7904,,7928,,7959,,7991,,8021,,8060,,8097,,8141,,8186,,8232,,8283,,8334,,8394,,2959,,2842,,2736,,2717,,2695,,2675,,2675,,2655,,2751,,9174,,9277,,9389,,9499,,9490,,9271,,9064,,8868,,8679,,8505,,8338,,8186,,8039,,7900,,7760,,7634,,7518,,7398,,7290,,7185,,7087,,6995,,6908,,6821,,6740,,6660,,6588,,6518,,6449,,6389,,6327,,6269,,6214,,6165,,6113,,6067,,6026,,5983,,5944,,5909,,5874,,5837,,5811,,5782,,5754,,5733,,5707,,5690,,5672,,5653,,5639,,5624,,5612,,5602,,5596,,5588,,5581,,5578,,5578,,5580,,5582,,5585,,5588,,5595,,5604,,5616,,5629,,5644,,5657,,5675,,5695,,5719,,5738,,5766,,5794,,5820,,5851,,5885,,5920,,5959,,5998,,6042,,6089,,5918,,5705,,5505,,5318,,5152,,4991,,4844,,4704,,4574,,4455,,4340,,4233,,4135,,4041,,3951,,3869,,3789,,3715,,3644,,3578,,3513,,3451,,3397,,3343,,3286,,3240,,3192,,3147,,3103,,3063,,3023,,2986,,2953,,2918,,2887,,2858,,2832,,2804,,2775,,2754,,2728,,2705,,2686,,2664,,2649,,2630,,2612,,2595,,2581,,2571,,2554,,2541,,2531,,2523,,2513,,2505,,2496,,2489,,

7849,,7833,,7821,,7808,,7798,,7787,,7784,,7782,,7780,,7783,,7784,,7789,,7799,,7811,,7823,,7841,,7859,,7881,,7901,,7929,,7957,,7988,,8023,,8056,,8095,,8139,,8185,,8234,,8284,,8338,,8395,,2959,,2845,,2734,,2716,,2696,,2678,,2674,,2656,,9076,,9175,,9280,,9383,,9498,,9493,,9274,,9060,,8867,,8687,,8508,,8344,,8191,,8039,,7897,,7763,,7640,,7518,,7398,,7293,,7184,,7090,,6995,,6903,,6817,,6736,,6661,,6589,,6516,,6449,,6388,,6325,,6267,,6215,,6162,,6113,,6069,,6026,,5983,,5941,,5908,,5872,,5840,,5811,,5779,,5753,,5729,,5706,,5688,,5670,,5651,,5636,,5622,,5610,,5603,,5593,,5587,,5583,,5581,,5579,,5578,,5581,,5582,,5591,,5595,,5606,,5616,,5628,,5643,,5657,,5675,,5696,,5719,,5740,,5765,,5793,,5822,,5852,,5886,,5919,,5959,,6001,,6039,,6087,,5917,,5702,,5505,,5321,,5152,,4994,,4845,,4707,,4573,,4457,,4340,,4234,,4134,,4044,,3952,,3868,,3790,,3713,,3646,,3576,,3511,,3452,,3396,,3340,,3287,,3239,,3191,,3148,,3106,,3062,,3028,,2987,,2955,,2920,,2887,,2860,,2829,,2805,,2777,,2751,,2731,,2704,,2687,,2668,,2647,,2631,,2613,,2597,,2582,,2568,,2556,,2546,,2533,,2520,,2510,,2501,,2495,,2488,,

7851,,7836,,7820,,7808,,7798,,7789,,7784,,7782,,7779,,7782,,7783,,7793,,7802,,7813,,7823,,7841,,7858,,7879,,7903,,7926,,7957,,7989,,8020,,8059,,8100,,8141,,8183,,8234,,8284,,8339,,8393,,2959,,2844,,2738,,2715,,2693,,2677,,2678,,2655,,9080,,9172,,9277,,9384,,9496,,9494,,9271,,9062,,8872,,8680,,8509,,8341,,8184,,8036,,7898,,7764,,7639,,7515,,7401,,7290,,7190,,7088,,6997,,6903,,6819,,6740,,6657,,6589,,6519,,6453,,6389,,6328,,6270,,6213,,6163,,6114,,6068,,6024,,5985,,5944,,5905,,5871,,5840,,5810,,5784,,5756,,5728,,5710,,5686,,5671,,5652,,5637,,5623,,5613,,5601,,5593,,5588,,5582,,5578,,5577,,5578,,5579,,5584,,5588,,5599,,5608,,5615,,5631,,5645,,5659,,5677,,5695,,5715,,5739,,5765,,5791,,5821,,5851,,5885,,5920,,5958,,5997,,6041,,6088,,5919,,5703,,5503,,5318,,5151,,4993,,4844,,4701,,4572,,4458,,4343,,4233,,4134,,4044,,3953,,3866,,3790,,3714,,3644,,3579,,3512,,3452,,3393,,3341,,3290,,3240,,3192,,3149,,3105,,3062,,3027,,2988,,2952,,2921,,2887,,2856,,2828,,2802,,2775,,2754,,2730,,2706,,2687,,2667,,2650,,2628,,2610,,2598,,2582,,2570,,2553,,2541,,2532,,2522,,2513,,2504,,2498,,2488,,

7854,,7836,,7820,,7807,,7797,,7789,,7783,,7781,,7781,,7780,,7785,,7790,,7800,,7812,,7822,,7839,,7857,,7880,,7904,,7927,,7958,,7990,,8019,,8056,,8096,,8141,,8186,,8232,,8282,,8338,,8396,,2955,,2847,,2739,,2714,,2696,,2675,,2673,,2654,,2752,,9176,,9277,,9383,,9495,,9487,,9273,,9065,,8864,,8688,,8512,,8345,,8184,,8036,,7896,,7763,,7635,,7518,,7398,,7290,,7185,,7087,,6994,,6906,,6818,,6735,,6663,,6589,,6517,,6450,,6390,,6327,,6268,,6213,,6165,,6114,,6069,,6026,,5984,,5947,,5910,,5873,,5840,,5812,,5782,,5753,,5729,,5710,,5686,,5669,,5650,,5639,,5622,,5613,,5600,,5592,,5589,,5585,,5582,,5576,,5581,,5579,,5586,,5589,,5595,,5608,,5617,,5630,,5644,,5660,,5674,,5697,,5716,,5742,,5763,,5793,,5820,,5851,,5888,,5922,,5957,,6001,,6042,,6087,,5923,,5704,,5500,,5321,,5150,,4991,,4840,,4709,,4574,,4457,,4339,,4239,,4138,,4039,,3953,,3867,,3790,,3714,,3644,,3575,,3512,,3451,,3392,,3340,,3288,,3237,,3193,,3144,,3105,,3066,,3023,,2987,,2953,,2919,,2891,,2858,,2830,,2801,,2776,,2754,,2728,,2707,,2684,,2668,,2649,,2631,,2613,,2596,,2581,,2570,,2553,,2543,,2530,,2520,,2511,,2502,,2495,,2486,,

7850,,7835,,7819,,7804,,7797,,7788,,7782,,7780,,7778,,7782,,7783,,7794,,7801,,7810,,7827,,7843,,7857,,7881,,7902,,7929,,7959,,7990,,8023,,8055,,8096,,8142,,8186,,8233,,8282,,8340,,8392,,2955,,2844,,2738,,2717,,2695,,2675,,2678,,2656,,9078,,9175,,9276,,9387,,9494,,9493,,9267,,9069,,8867,,8685,,8510,,8343,,8183,,8036,,7899,,7759,,7637,,7515,,7400,,7291,,7185,,7087,,6992,,6903,,6821,,6738,,6658,,6588,,6517,,6453,,6386,,6323,,6273,,6215,,6166,,6117,,6066,,6023,,5985,,5945,,5904,,5873,,5838,,5811,,5781,,5757,,5731,,5708,,5689,,5671,,5652,,5638,,5623,,5614,,5601,,5596,,5589,,5583,,5582,,5578,,5581,,5583,,5583,,5588,,5599,,5607,,5618,,5626,,5642,,5659,,5677,,5698,,5715,,5738,,5767,,5792,,5823,,5852,,5889,,5923,,5959,,6001,,6044,,6088,,5922,,5702,,5504,,5318,,5147,,4995,,4844,,4705,,4577,,4455,,4344,,4236,,4138,,4044,,3950,,3868,,3791,,3716,,3643,,3574,,3513,,3449,,3393,,3341,,3288,,3236,,3190,,3149,,3105,,3065,,3027,,2990,,2953,,2921,,2891,,2857,,2831,,2805,,2776,,2753,,2729,,2707,,2685,,2667,,2646,,2629,,2613,,2597,,2582,,2567,,2557,,2545,,2532,,2522,,2511,,2502,,2494,,2488,,

6051,,6145,,6248,,6356,,6470,,6589,,6718,,6852,,6995,,7143,,7298,,7471,,7644,,7834,,8039,,8255,,8484,,8721,,8973,,8884,,8805,,8726,,8648,,8579,,8511,,8448,,8388,,8332,,8274,,8227,,8177,,8132,,8092,,8051,,8016,,7984,,7951,,7923,,7898,,7878,,7857,,7837,,7824,,7808,,7799,,7789,,7783,,7780,,7782,,7781,,7786,,7791,,7798,,7808,,7822,,7836,,7855,,7875,,7897,,7922,,7950,,7978,,8011,,8049,,8090,,8127,,8171,,8220,,8269,,8323,,8380,,2991,,2874,,2732,,2711,,2707,,2691,,2669,,2655,,2724,,9147,,9247,,9355,,9464,,9550,,9324,,9114,,8918,,8730,,8552,,8386,,8227,,8074,,7932,,7797,,7673,,7545,,7434,,7317,,7214,,7112,,7016,,6929,,6841,,6761,,6679,,6604,,6534,,6466,,6405,,6344,,6282,,6228,,6179,,6127,,6082,,6038,,5997,,5953,,5916,,5880,,5850,,5816,,5789,,5764,,5734,,5713,,5691,,5674,,5657,,5639,,5627,,5615,,5606,,5598,,5592,,5585,,5580,,5578,,5578,,5580,,5582,,5589,,5593,,5601,,5616,,5624,,5638,,5657,,5671,,5689,,5713,,5734,,5759,,5783,,5815,,5844,,5875,,5911,,5946,,5985,,6031,,6074,,5977,,5760,,5555,,5371,,5196,,5032,,4881,,4742,,4609,,4489,,4368,,4260,,4161,,4066,,3975,,3889,,3809,,3735,,

6047,,6143,,6250,,6360,,6472,,6590,,6718,,6854,,6993,,7145,,7303,,7468,,7650,,7839,,8037,,8253,,8486,,8727,,8973,,8886,,8804,,8724,,8649,,8576,,8511,,8446,,8389,,8329,,8278,,8223,,8177,,8135,,8092,,8055,,8015,,7982,,7952,,7924,,7900,,7876,,7858,,7837,,7823,,7808,,7797,,7791,,7786,,7780,,7781,,7778,,7786,,7791,,7799,,7810,,7822,,7836,,7854,,7872,,7895,,7923,,7948,,7980,,8010,,8049,,8089,,8130,,8175,,8222,,8271,,8322,,8377,,2991,,2870,,2733,,2708,,2706,,2688,,2671,,2656,,2721,,9146,,9246,,9359,,9471,,9554,,9326,,9115,,8916,,8736,,8554,,8387,,8228,,8078,,7930,,7801,,7670,,7547,,7427,,7317,,7212,,7116,,7018,,6926,,6840,,6760,,6680,,6606,,6533,,6468,,6406,,6342,,6285,,6227,,6178,,6126,,6079,,6036,,5995,,5952,,5918,,5880,,5846,,5818,,5789,,5762,,5739,,5712,,5695,,5672,,5658,,5643,,5629,,5614,,5607,,5596,,5591,,5584,,5581,,5577,,5579,,5580,,5585,,5591,,5597,,5603,,5614,,5627,,5639,,5655,,5671,,5688,,5712,,5732,,5759,,5784,,5815,,5845,,5877,,5912,,5948,,5987,,6029,,6073,,5977,,5753,,5558,,5368,,5192,,5028,,4884,,4740,,4606,,4490,,4370,,4262,,4159,,4069,,3978,,3891,,3812,,3737,,

6050,,6145,,6246,,6361,,6469,,6589,,6718,,6853,,6991,,7147,,7299,,7466,,7650,,7836,,8039,,8254,,8482,,8723,,8970,,8884,,8805,,8724,,8648,,8576,,8511,,8444,,8386,,8332,,8275,,8224,,8180,,8134,,8092,,8054,,8019,,7981,,7952,,7926,,7898,,7877,,7857,,7836,,7821,,7809,,7797,,7791,,7786,,7781,,7778,,7782,,7785,,7791,,7797,,7810,,7819,,7837,,7853,,7875,,7898,,7919,,7950,,7981,,8013,,8049,,8086,,8126,,8173,,8218,,8270,,8322,,8381,,2991,,2876,,2732,,2709,,2704,,2689,,2668,,2653,,2724,,9151,,9248,,9353,,9465,,9553,,9325,,9120,,8917,,8731,,8556,,8389,,8223,,8076,,7931,,7800,,7672,,7544,,7434,,7321,,7217,,7115,,7018,,6928,,6841,,6759,,6681,,6607,,6534,,6468,,6405,,6344,,6286,,6230,,6174,,6129,,6081,,6037,,5992,,5956,,5918,,5879,,5848,,5816,,5787,,5761,,5736,,5716,,5691,,5672,,5655,,5640,,5628,,5615,,5603,,5594,,5589,,5584,,5582,,5581,,5579,,5579,,5584,,5586,,5597,,5602,,5612,,5627,,5638,,5655,,5672,,5691,,5713,,5733,,5760,,5786,,5813,,5843,,5874,,5914,,5949,,5989,,6030,,6074,,5973,,5761,,5554,,5365,,5193,,5033,,4878,,4745,,4611,,4489,,4373,,4265,,4162,,4065,,3976,,3891,,3812,,3737,,

6047,,6146,,6250,,6354,,6470,,6591,,6717,,6852,,6992,,7143,,7302,,7469,,7649,,7834,,8042,,8248,,8479,,8728,,8970,,8885,,8801,,8725,,8650,,8575,,8514,,8449,,8386,,8328,,8273,,8228,,8177,,8136,,8093,,8056,,8017,,7983,,7951,,7923,,7901,,7878,,7856,,7836,,7825,,7810,,7798,,7791,,7784,,7782,,7779,,7782,,7786,,7790,,7800,,7809,,7823,,7835,,7855,,7872,,7896,,7922,,7948,,7979,,8012,,8048,,8090,,8129,,8172,,8221,,8267,,8325,,8380,,2991,,2871,,2730,,2710,,2705,,2691,,2670,,2656,,2721,,9150,,9247,,9354,,9464,,9552,,9333,,9116,,8920,,8730,,8557,,8381,,8225,,8081,,7935,,7799,,7669,,7549,,7431,,7318,,7216,,7113,,7018,,6928,,6842,,6762,,6680,,6606,,6533,,6471,,6404,,6342,,6286,,6229,,6178,,6128,,6080,,6034,,5991,,5954,,5916,,5881,,5849,,5818,,5790,,5762,,5735,,5715,,5691,,5672,,5658,,5640,,5625,,5615,,5604,,5594,,5589,,5585,,5583,,5577,,5579,,5580,,5583,,5589,,5595,,5603,,5613,,5627,,5637,,5656,,5670,,5690,,5710,,5736,,5756,,5783,,5814,,5843,,5877,,5913,,5949,,5987,,6030,,6074,,5975,,5757,,5551,,5365,,5193,,5032,,4880,,4738,,4605,,4488,,4371,,4264,,4164,,4065,,3976,,3888,,3807,,3735,,

6049,,6145,,6249,,6353,,6472,,6590,,6714,,6853,,6992,,7141,,7300,,7471,,7646,,7838,,8034,,8257,,8485,,8722,,8971,,8887,,8803,,8724,,8649,,8578,,8509,,8446,,8386,,8330,,8276,,8225,,8179,,8132,,8089,,8053,,8019,,7982,,7951,,7927,,7901,,7878,,7857,,7837,,7823,,7808,,7796,,7789,,7784,,7781,,7779,,7781,,7784,,7787,,7797,,7809,,7822,,7834,,7856,,7874,,7898,,7922,,7948,,7980,,8012,,8047,,8085,,8131,,8173,,8219,,8270,,8323,,8380,,2989,,2871,,2730,,2710,,2702,,2689,,2668,,2656,,2722,,9149,,9248,,9353,,9465,,9555,,9330,,9122,,8924,,8734,,8552,,8389,,8225,,8079,,7938,,7798,,7671,,7546,,7433,,7321,,7211,,7115,,7018,,6927,,6840,,6759,,6679,,6605,,6535,,6468,,6402,,6345,,6283,,6228,,6177,,6129,,6083,,6034,,5993,,5956,,5920,,5880,,5849,,5819,,5788,,5763,,5739,,5714,,5691,,5676,,5657,,5643,,5626,,5616,,5603,,5597,,5591,,5582,,5580,,5581,,5579,,5579,,5582,,5588,,5595,,5603,,5612,,5627,,5638,,5652,,5672,,5692,,5713,,5736,,5760,,5783,,5813,,5845,,5879,,5909,,5949,,5988,,6032,,6072,,5982,,5760,,5555,,5367,,5195,,5030,,4881,,4742,,4608,,4485,,4374,,4265,,4163,,4066,,3976,,3892,,3813,,3734,,

4584,,4602,,4620,,4641,,4665,,4691,,4716,,4745,,4772,,4804,,4836,,4871,,4907,,4947,,4988,,5033,,5079,,5126,,5178,,5233,,5288,,5345,,5405,,5472,,5542,,5618,,5688,,5768,,5849,,5942,,6028,,6129,,6229,,6334,,6454,,6572,,6692,,6828,,6964,,7118,,7273,,7440,,7615,,7807,,8000,,8218,,8439,,8684,,8943,,8902,,8819,,8742,,8665,,8592,,8524,,8458,,8396,,8338,,8285,,8236,,8184,,8141,,8101,,8062,,8023,,7989,,7958,,7930,,7905,,7879,,7859,,7839,,7823,,7810,,7801,,7791,,7784,,7779,,7777,,7782,,7782,,7790,,7797,,7808,,7819,,7835,,7850,,7871,,7892,,7916,,7945,,7975,,8007,,8040,,8080,,8118,,8164,,8210,,8260,,8313,,8368,,8427,,2890,,2732,,2726,,2708,,2685,,2671,,2670,,2694,,9132,,9231,,9338,,9447,,9564,,9363,,9152,,8954,,8761,,8581,,8414,,8254,,8104,,7956,,7822,,7694,,7570,,7450,,7338,,7232,,7130,,7037,,6945,,6859,,6771,,6696,,6619,,6545,,6479,,6417,,6355,,6293,,6237,,6188,,6134,,6090,,6045,,6000,,5962,,5922,,5888,,5857,,5825,,5795,,5766,,5740,,5718,,5697,,5676,,5661,,5645,,5629,,5615,,5608,,5595,,5592,,5583,,5580,,5581,,5577,,5581,,5583,,5585,,5595,,5604,,5613,,5622,,5634,,5653,,5667,,5685,,

4588,,4604,,4624,,4648,,4668,,4695,,4718,,4749,,4778,,4807,,4839,,4876,,4915,,4951,,4994,,5038,,5081,,5133,,5180,,5239,,5290,,5352,,5413,,5479,,5545,,5622,,5692,,5775,,5860,,5943,,6038,,6134,,6237,,6340,,6458,,6571,,6705,,6833,,6970,,7119,,7280,,7446,,7627,,7810,,8011,,8218,,8445,,8688,,8953,,8881,,8800,,8717,,8641,,8569,,8505,,8439,,8377,,8321,,8268,,8219,,8170,,8123,,8082,,8043,,8005,,7972,,7943,,7914,,7886,,7862,,7843,,7823,,7805,,7792,,7781,,7776,,7766,,7765,,7760,,7760,,7763,,7771,,7778,,7786,,7802,,7816,,7831,,7852,,7876,,7901,,7928,,7958,,7987,,8025,,8060,,8104,,8145,,8191,,8240,,8295,,8352,,8407,,2881,,2727,,2706,,2685,,2667,,2667,,2648,,2649,,9109,,9213,,9316,,9428,,9539,,9359,,9146,,8950,,8760,,8578,,8407,,8248,,8100,,7950,,7813,,7687,,7561,,7446,,7335,,7231,,7127,,7030,,6938,,6851,,6771,,6693,,6614,,6542,,6475,,6411,,6351,,6293,,6235,,6184,,6131,,6084,,6040,,5994,,5957,,5921,,5886,,5849,,5820,,5788,,5763,,5737,,5712,,5694,,5674,,5658,,5638,,5627,,5613,,5604,,5594,,5585,,5582,,5578,,5575,,5574,,5577,,5579,,5583,,5590,,5599,,5610,,5617,,5633,,5647,,5665,,5681,,

4846,,4867,,4886,,4910,,4934,,4959,,4987,,5015,,5047,,5080,,5112,,5152,,5192,,5229,,5275,,5323,,5372,,5420,,5474,,5530,,5588,,5654,,5721,,5786,,5862,,5934,,6018,,6102,,6186,,6280,,6375,,6475,,6590,,6698,,6816,,6945,,7080,,7215,,7368,,7522,,7690,,7864,,8051,,8055,,7953,,7863,,7778,,7695,,7618,,7540,,7469,,7403,,7340,,7280,,7219,,7165,,7112,,7066,,7022,,6980,,6936,,6897,,6860,,6832,,6799,,6768,,6741,,6721,,6698,,6676,,6658,,6645,,6629,,6620,,6609,,6599,,6598,,6595,,6590,,6591,,6597,,6601,,6605,,6615,,6624,,6640,,6652,,6666,,6688,,6710,,6731,,6756,,6786,,6812,,6844,,6879,,6918,,6956,,6997,,7042,,7093,,7141,,7197,,7249,,7310,,7376,,7441,,7506,,7581,,1775,,1724,,1678,,1631,,1569,,1562,,1556,,1553,,1550,,1543,,1541,,1543,,1542,,1542,,1558,,7458,,7339,,7221,,7108,,7001,,6900,,6805,,6710,,6621,,6540,,6463,,6387,,6317,,6248,,6180,,6119,,6059,,6004,,5950,,5902,,5854,,5806,,5764,,5726,,5685,,5653,,5614,,5582,,5553,,5526,,5503,,5479,,5454,,5435,,5415,,5400,,5385,,5370,,5357,,5350,,5341,,5331,,5328,,5325,,5321,,5320,,5323,,5324,,5329,,5335,,5346,,5353,,5365,,5379,,5390,,5410,,5425,,

5146,,5169,,5192,,5212,,5237,,5264,,5293,,5325,,5358,,5396,,5430,,5470,,5513,,5560,,5606,,5651,,5704,,5759,,5816,,5878,,5938,,6007,,6075,,6150,,6221,,6303,,6389,,6479,,6571,,6673,,6773,,6878,,6997,,7118,,7246,,7151,,7032,,6927,,6826,,6733,,6637,,6548,,6464,,6384,,6310,,6239,,6167,,6101,,6042,,5981,,5928,,5869,,5821,,5775,,5728,,5682,,5643,,5604,,5570,,5533,,5501,,5471,,5442,,5418,,5390,,5368,,5346,,5332,,5312,,5297,,5280,,5267,,5258,,5252,,5244,,5235,,5233,,5230,,5226,,5230,,5230,,5233,,5238,,5244,,5257,,5266,,5277,,5290,,5304,,5320,,5336,,5360,,5379,,5405,,5432,,5457,,5487,,5516,,5550,,5588,,5622,,5664,,5707,,5749,,5799,,5849,,5898,,5955,,6010,,6073,,6138,,6203,,6277,,6350,,6427,,6507,,6591,,6683,,6778,,6878,,6985,,7090,,7209,,7170,,7052,,6928,,6820,,6712,,6612,,6521,,6427,,6340,,6257,,6181,,6107,,6034,,5965,,5902,,5838,,5782,,5728,,5669,,5622,,5575,,5530,,5486,,5448,,5409,,5371,,5338,,639,,640,,636,,629,,626,,624,,623,,622,,619,,616,,612,,612,,612,,608,,607,,611,,610,,609,,608,,608,,609,,609,,607,,610,,588,,590,,614,,616,,637,,656,,660,,

5442,,5459,,5483,,5507,,5533,,5566,,5593,,5627,,5664,,5702,,5742,,5781,,5828,,5871,,5922,,5971,,6029,,6084,,6144,,6209,,6276,,6346,,6422,,6496,,6578,,6487,,6343,,6201,,6076,,5953,,5840,,5729,,5625,,5527,,5434,,5347,,5263,,5177,,5105,,5030,,4960,,4894,,4836,,4772,,4719,,4664,,4612,,4562,,4517,,4473,,4430,,4388,,4351,,4317,,4284,,4248,,4222,,4189,,4164,,4138,,4114,,4091,,4071,,4051,,4031,,4014,,3996,,3986,,3973,,3959,,3948,,3941,,3929,,3924,,3919,,3916,,3909,,3911,,3909,,3909,,3908,,3913,,3918,,3921,,3930,,3934,,3944,,3955,,3964,,3977,,3989,,4005,,4023,,4038,,4060,,4081,,4103,,4127,,4150,,4174,,4204,,4236,,4266,,4298,,4336,,4373,,4413,,4454,,4497,,4539,,4589,,4638,,4693,,4748,,4806,,4867,,4929,,5000,,5066,,5143,,5220,,5304,,5388,,5482,,5576,,5677,,5784,,5897,,6019,,6140,,6062,,5983,,5906,,5826,,5761,,5688,,5626,,5567,,5506,,5452,,5400,,5353,,5306,,5261,,5217,,5176,,5136,,5102,,5069,,5034,,5006,,4977,,4950,,4923,,4901,,4881,,4863,,4841,,4828,,4812,,4796,,4784,,4774,,4766,,4759,,4754,,4747,,4744,,4741,,4743,,4742,,4745,,4751,,4753,,4763,,4770,,4782,,4790,,4804,,4816,,4836,,

5741,,5765,,5785,,5814,,5844,,5872,,5903,,5940,,5977,,6016,,6059,,6103,,6148,,5999,,5782,,5588,,5404,,5235,,5078,,4930,,4794,,4660,,4543,,4427,,4326,,4221,,4130,,4040,,3956,,3879,,3798,,3727,,3664,,3597,,3538,,3479,,3426,,3375,,3323,,3278,,3233,,3189,,3149,,3110,,3074,,3038,,3003,,2969,,2943,,2910,,2884,,2858,,2832,,2809,,2788,,2769,,2749,,2730,,2712,,2695,,2677,,2664,,2651,,2635,,2624,,2616,,2601,,2594,,2587,,2575,,2573,,2566,,2560,,2556,,2550,,2548,,2544,,2546,,2547,,2544,,2544,,2546,,2551,,2554,,2557,,2564,,2568,,2573,,2580,,2590,,2597,,2606,,2620,,2633,,2643,,2654,,2672,,2688,,2704,,2717,,2736,,2759,,2778,,2801,,2824,,2844,,2874,,2896,,2929,,2955,,2987,,3018,,3056,,3091,,3130,,3167,,3211,,3256,,3301,,3350,,3401,,3455,,3508,,3569,,3632,,3698,,3766,,3841,,3917,,4001,,4084,,4175,,4274,,4378,,4489,,4607,,4730,,4858,,5000,,5113,,5065,,5018,,4973,,4934,,4893,,4852,,4820,,4783,,4752,,4724,,4693,,4666,,4643,,4619,,4598,,4578,,4558,,4542,,4527,,4512,,4498,,4489,,4476,,4471,,4461,,4457,,4454,,4451,,4446,,4446,,4451,,4452,,4453,,4462,,4467,,4472,,4481,,4495,,4506,,4520,,4536,,

5998,,6020,,5609,,5253,,4943,,4659,,4414,,4195,,3993,,3817,,3648,,3505,,3364,,3239,,3125,,3018,,2919,,2827,,2742,,2663,,2589,,2520,,2454,,2395,,2338,,2281,,2234,,2184,,2138,,2094,,2052,,2016,,1979,,1944,,1913,,1882,,1849,,1823,,1796,,1768,,1745,,1723,,1701,,1679,,1660,,1643,,1625,,1607,,1590,,1573,,1557,,1543,,1534,,1519,,1507,,1493,,1486,,1472,,1465,,1455,,1446,,1438,,1434,,1426,,1417,,1412,,1405,,1403,,1397,,1394,,1392,,1384,,1382,,1380,,1380,,1375,,1374,,1375,,1375,,1376,,1374,,1375,,1379,,1379,,1381,,1384,,1390,,1390,,1397,,1398,,1404,,1411,,1416,,1422,,1427,,1433,,1443,,1453,,1460,,1470,,1480,,1488,,1502,,1514,,1523,,1537,,1550,,1563,,1580,,1597,,1616,,1631,,1652,,1671,,1690,,1710,,1734,,1759,,1784,,1810,,1837,,1866,,1899,,1929,,1960,,1999,,2034,,2075,,2116,,2161,,2208,,2256,,2311,,2365,,2424,,2490,,2557,,2625,,2706,,2786,,2878,,2970,,3071,,3184,,3306,,3434,,3573,,3735,,3901,,4097,,4308,,4402,,4380,,4357,,4337,,4316,,4301,,4281,,4270,,4258,,4242,,4235,,4226,,4214,,4208,,4203,,4199,,4198,,4196,,4196,,4198,,4200,,4200,,4208,,4213,,4218,,4229,,4240,,4248,,4264,,4278,,

6002,,5950,,5548,,5191,,4874,,4603,,4361,,4141,,3945,,3763,,3603,,3460,,3323,,3199,,3084,,2978,,2881,,2792,,2710,,2629,,2556,,2489,,2424,,2365,,2308,,2253,,2202,,2156,,2110,,2069,,2027,,1992,,1952,,1921,,1886,,1856,,1826,,1799,,1771,,1749,,1722,,1699,,1680,,1656,,1638,,1618,,1603,,1583,,1567,,1553,,1539,,1523,,1514,,1500,,1488,,1475,,1464,,1457,,1445,,1435,,1429,,1419,,1413,,1409,,1398,,1393,,1387,,1384,,1381,,1375,,1372,,1371,,1363,,1364,,1362,,1357,,1357,,1357,,1357,,1356,,1359,,1357,,1362,,1360,,1366,,1369,,1368,,1372,,1379,,1382,,1388,,1392,,1399,,1403,,1409,,1418,,1423,,1434,,1441,,1451,,1460,,1471,,1481,,1494,,1507,,1519,,1534,,1546,,1560,,1579,,1594,,1611,,1628,,1649,,1667,,1691,,1712,,1738,,1759,,1789,,1815,,1843,,1873,,1902,,1936,,1971,,2010,,2049,,2088,,2132,,2177,,2228,,2282,,2334,,2397,,2458,,2525,,2593,,2671,,2751,,2840,,2934,,3033,,3138,,3261,,3392,,3531,,3685,,3855,,4038,,4249,,4398,,4377,,4353,,4332,,4314,,4298,,4280,,4263,,4251,,4238,,4230,,4220,,4211,,4205,,4202,,4194,,4195,,4190,,4192,,4192,,4196,,4196,,4205,,4211,,4217,,4224,,4236,,4246,,4256,,4274,,

6001,,5948,,5548,,5189,,4877,,4601,,4355,,4134,,3943,,3766,,3606,,3456,,3318,,3196,,3086,,2980,,2884,,2793,,2707,,2629,,2556,,2485,,2425,,2362,,2309,,2253,,2206,,2154,,2111,,2066,,2026,,1991,,1955,,1921,,1890,,1858,,1825,,1797,,1771,,1747,,1726,,1699,,1677,,1660,,1640,,1622,,1602,,1585,,1570,,1555,,1538,,1523,,1511,,1499,,1486,,1477,,1465,,1458,,1445,,1435,,1429,,1423,,1415,,1407,,1402,,1393,,1391,,1385,,1379,,1378,,1374,,1370,,1367,,1361,,1362,,1358,,1357,,1358,,1359,,1357,,1359,,1361,,1362,,1364,,1366,,1369,,1370,,1372,,1378,,1381,,1387,,1392,,1398,,1404,,1410,,1415,,1426,,1434,,1443,,1453,,1460,,1471,,1483,,1491,,1504,,1519,,1534,,1546,,1561,,1575,,1593,,1609,,1629,,1650,,1667,,1691,,1713,,1735,,1758,,1786,,1815,,1844,,1873,,1903,,1938,,1970,,2011,,2047,,2092,,2132,,2180,,2229,,2279,,2335,,2394,,2456,,2521,,2592,,2668,,2752,,2841,,2935,,3032,,3138,,3262,,3388,,3533,,3686,,3855,,4041,,4251,,4395,,4375,,4355,,4332,,4312,,4297,,4278,,4264,,4253,,4241,,4228,,4222,,4210,,4203,,4200,,4194,,4195,,4192,,4190,,4191,,4194,,4199,,4203,,4211,,4215,,4227,,4236,,4248,,4259,,4275,,

6004,,5958,,5542,,5187,,4880,,4600,,4360,,4140,,3941,,3765,,3606,,3455,,3322,,3202,,3085,,2984,,2884,,2793,,2709,,2630,,2554,,2490,,2426,,2364,,2304,,2252,,2200,,2154,,2112,,2070,,2027,,1988,,1954,,1923,,1888,,1858,,1825,,1798,,1775,,1745,,1722,,1703,,1680,,1658,,1636,,1620,,1604,,1587,,1569,,1552,,1538,,1526,,1513,,1499,,1488,,1476,,1467,,1454,,1445,,1439,,1426,,1421,,1415,,1405,,1398,,1394,,1389,,1385,,1377,,1377,,1372,,1370,,1368,,1361,,1363,,1360,,1357,,1359,,1358,,1356,,1358,,1361,,1362,,1361,,1365,,1368,,1371,,1376,,1378,,1384,,1388,,1391,,1398,,1405,,1412,,1418,,1426,,1432,,1440,,1451,,1462,,1470,,1484,,1492,,1504,,1520,,1532,,1544,,1560,,1576,,1592,,1610,,1632,,1649,,1667,,1687,,1711,,1736,,1761,,1787,,1816,,1840,,1873,,1905,,1936,,1974,,2009,,2047,,2092,,2133,,2181,,2227,,2281,,2335,,2395,,2457,,2521,,2591,,2671,,2752,,2842,,2931,,3033,,3143,,3261,,3394,,3528,,3681,,3853,,4042,,4248,,4400,,4374,,4353,,4334,,4311,,4295,,4278,,4268,,4253,,4240,,4230,,4221,,4214,,4206,,4203,,4195,,4193,,4194,,4193,,4195,,4195,,4196,,4203,,4208,,4216,,4227,,4236,,4244,,4256,,4275,,

6001,,5958,,5538,,5185,,4874,,4604,,4358,,4136,,3946,,3765,,3606,,3458,,3323,,3195,,3085,,2978,,2885,,2790,,2708,,2629,,2557,,2490,,2423,,2361,,2305,,2254,,2202,,2157,,2110,,2068,,2028,,1990,,1955,,1921,,1885,,1857,,1827,,1799,,1771,,1747,,1723,,1703,,1679,,1656,,1639,,1618,,1601,,1583,,1568,,1555,,1540,,1525,,1510,,1498,,1488,,1475,,1466,,1455,,1444,,1438,,1426,,1421,,1413,,1406,,1400,,1394,,1389,,1384,,1381,,1376,,1371,,1366,,1365,,1361,,1363,,1358,,1359,,1358,,1357,,1359,,1360,,1357,,1362,,1360,,1364,,1369,,1372,,1376,,1377,,1379,,1387,,1391,,1395,,1402,,1411,,1417,,1427,,1431,,1440,,1450,,1458,,1471,,1480,,1493,,1506,,1517,,1533,,1546,,1562,,1576,,1593,,1609,,1628,,1646,,1668,,1688,,1714,,1736,,1758,,1788,,1813,,1844,,1872,,1905,,1938,,1973,,2010,,2048,,2091,,2132,,2181,,2229,,2278,,2335,,2391,,2458,,2522,,2594,,2673,,2747,,2837,,2934,,3032,,3142,,3263,,3394,,3530,,3683,,3853,,4044,,4248,,4401,,4373,,4354,,4332,,4315,,4295,,4279,,4267,,4250,,4241,,4232,,4220,,4211,,4203,,4201,,4194,,4195,,4193,,4190,,4191,,4196,,4198,,4205,,4211,,4217,,4222,,4236,,4248,,4259,,4274,,

6001,,5948,,5544,,5191,,4877,,4607,,4362,,4138,,3942,,3766,,3606,,3462,,3322,,3200,,3082,,2981,,2882,,2795,,2707,,2628,,2556,,2488,,2425,,2365,,2305,,2252,,2204,,2157,,2111,,2070,,2028,,1989,,1954,,1921,,1888,,1858,,1827,,1802,,1775,,1747,,1723,,1700,,1677,,1657,,1637,,1619,,1601,,1585,,1570,,1552,,1541,,1523,,1511,,1500,,1489,,1475,,1466,,1456,,1447,,1436,,1429,,1423,,1413,,1408,,1400,,1394,,1390,,1385,,1380,,1375,,1370,,1370,,1365,,1364,,1360,,1359,,1359,,1359,,1358,,1356,,1359,,1359,,1363,,1363,,1365,,1364,,1372,,1375,,1377,,1381,,1385,,1392,,1399,,1404,,1412,,1418,,1423,,1435,,1441,,1451,,1461,,1473,,1482,,1494,,1504,,1519,,1534,,1544,,1561,,1576,,1593,,1609,,1628,,1649,,1669,,1691,,1714,,1736,,1760,,1785,,1813,,1840,,1870,,1901,,1938,,1974,,2008,,2050,,2092,,2131,,2179