1.92927e-316,1.63042e-322,3.36721e-318
4.976e-318,7.21336e-322,4.94066e-324
4.976e-318,7.21336e-322,4.94066e-324
4.976e-318,7.21336e-322,4.94066e-324
4.976e-318,7.21336e-322,4.94066e-324
1.92927e-316,1.63042e-322,3.36721e-318
1.92927e-316,1.63042e-322,3.36721e-318
1.92927e-316,1.63042e-322,3.36721e-318
4.976e-318,7.21336e-322,4.94066e-324
4.976e-318,7.21336e-322,4.94066e-324
4.976e-318,7.21336e-322,4.94066e-324
1.92927e-316,1.63042e-322,3.36721e-318
1.92927e-316,1.63042e-322,3.36721e-318
4.976e-318,7.21336e-322,4.94066e-324
1.92927e-316,1.63042e-322,3.36721e-318
1.92927e-316,1.63042e-322,3.36721e-318
1.92927e-316,1.63042e-322,3.36721e-318
4.976e-318,7.21336e-322,4.94066e-324
4.976e-318,7.21336e-322,4.94066e-324
1.92927e-316,1.63042e-322,3.36721e-318
4.976e-318,7.21336e-322,4.94066e-324
4.976e-318,7.21336e-322,4.94066e-324
4.976e-318,7.21336e-322,4.94066e-324
4.976e-318,7.21336e-322,4.94066e-324
4.976e-318,7.21336e-322,4.94066e-324
4.976e-318,7.21336e-322,4.94066e-324
1.92927e-316,1.63042e-322,3.36721e-318
1.92927e-316,1.63042e-322,3.36721e-318
