2.47033e-323,2.47033e-323,1.58708e-318
2.47033e-323,2.47033e-323,1.58708e-318
2.47033e-323,2.47033e-323,1.58708e-318
9.09326e-317,9.09326e-317,4.94066e-324
9.09326e-317,9.09326e-317,4.94066e-324
9.09326e-317,9.09326e-317,4.94066e-324
9.09326e-317,9.09326e-317,4.94066e-324
2.47033e-323,2.47033e-323,1.58708e-318
9.09326e-317,9.09326e-317,4.94066e-324
9.09326e-317,9.09326e-317,4.94066e-324
2.47033e-323,2.47033e-323,1.58708e-318
2.47033e-323,2.47033e-323,1.58708e-318
9.09326e-317,9.09326e-317,4.94066e-324
9.09326e-317,9.09326e-317,4.94066e-324
2.47033e-323,2.47033e-323,1.58708e-318
9.09326e-317,9.09326e-317,4.94066e-324
2.47033e-323,2.47033e-323,1.58708e-318
9.09326e-317,9.09326e-317,4.94066e-324
2.47033e-323,2.47033e-323,1.58708e-318
2.47033e-323,2.47033e-323,1.58708e-318
2.47033e-323,2.47033e-323,1.58708e-318
2.47033e-323,2.47033e-323,1.58708e-318
2.47033e-323,2.47033e-323,1.58708e-318
9.09326e-317,9.09326e-317,4.94066e-324
2.47033e-323,2.47033e-323,1.58708e-318
9.09326e-317,9.09326e-317,4.94066e-324
2.47033e-323,2.47033e-323,1.58708e-318
9.09326e-317,9.09326e-317,4.94066e-324
2.47033e-323,2.47033e-323,1.58708e-318
9.09326e-317,9.09326e-317,4.94066e-324
2.47033e-323,2.47033e-323,1.58708e-318
9.09326e-317,9.09326e-317,4.94066e-324
2.47033e-323,2.47033e-323,1.58708e-318
9.09326e-317,9.09326e-317,4.94066e-324
9.09326e-317,9.09326e-317,4.94066e-324
2.47033e-323,2.47033e-323,1.58708e-318
9.09326e-317,9.09326e-317,4.94066e-324
9.09326e-317,9.09326e-317,4.94066e-324
2.47033e-323,2.47033e-323,1.58708e-318
2.47033e-323,2.47033e-323,1.58708e-318
9.09326e-317,9.09326e-317,4.94066e-324
2.47033e-323,2.47033e-323,1.58708e-318
9.09326e-317,9.09326e-317,4.94066e-324
2.47033e-323,2.47033e-323,1.58708e-318
9.09326e-317,9.09326e-317,4.94066e-324
2.47033e-323,2.47033e-323,1.58708e-318
9.09326e-317,9.09326e-317,4.94066e-324
2.47033e-323,2.47033e-323,1.58708e-318
9.09326e-317,9.09326e-317,4.94066e-324
2.47033e-323,2.47033e-323,1.58708e-318
9.09326e-317,9.09326e-317,4.94066e-324
9.09326e-317,9.09326e-317,4.94066e-324
9.09326e-317,9.09326e-317,4.94066e-324
9.09326e-317,9.09326e-317,4.94066e-324
2.47033e-323,2.47033e-323,1.58708e-318
9.09326e-317,9.09326e-317,4.94066e-324
2.47033e-323,2.47033e-323,1.58708e-318
9.09326e-317,9.09326e-317,4.94066e-324
2.47033e-323,2.47033e-323,1.58708e-318
9.09326e-317,9.09326e-317,4.94066e-324
2.47033e-323,2.47033e-323,1.58708e-318
9.09326e-317,9.09326e-317,4.94066e-324
9.09326e-317,9.09326e-317,4.94066e-324
2.47033e-323,2.47033e-323,1.58708e-318
9.09326e-317,9.09326e-317,4.94066e-324
9.09326e-317,9.09326e-317,4.94066e-324
2.47033e-323,2.47033e-323,1.58708e-318
9.09326e-317,9.09326e-317,4.94066e-324
9.09326e-317,9.09326e-317,4.94066e-324
2.47033e-323,2.47033e-323,1.58708e-318
9.09326e-317,9.09326e-317,4.94066e-324
9.09326e-317,9.09326e-317,4.94066e-324
2.47033e-323,2.47033e-323,1.58708e-318
9.09326e-317,9.09326e-317,4.94066e-324
2.47033e-323,2.47033e-323,1.58708e-318
9.09326e-317,9.09326e-317,4.94066e-324
9.09326e-317,9.09326e-317,4.94066e-324
2.47033e-323,2.47033e-323,1.58708e-318
9.09326e-317,9.09326e-317,4.94066e-324
2.47033e-323,2.47033e-323,1.58708e-318
9.09326e-317,9.09326e-317,4.94066e-324
2.47033e-323,2.47033e-323,1.58708e-318
9.09326e-317,9.09326e-317,4.94066e-324
