2.47033e-323,2.47033e-323,3.31493e-318
2.47033e-323,2.47033e-323,3.31493e-318
1.89932e-316,1.89932e-316,4.94066e-324
1.89932e-316,1.89932e-316,4.94066e-324
1.89932e-316,1.89932e-316,4.94066e-324
1.89932e-316,1.89932e-316,4.94066e-324
1.89932e-316,1.89932e-316,4.94066e-324
2.47033e-323,2.47033e-323,3.31493e-318
2.47033e-323,2.47033e-323,3.31493e-318
1.89932e-316,1.89932e-316,4.94066e-324
2.47033e-323,2.47033e-323,3.31493e-318
1.89932e-316,1.89932e-316,4.94066e-324
2.47033e-323,2.47033e-323,3.31493e-318
2.47033e-323,2.47033e-323,3.31493e-318
2.47033e-323,2.47033e-323,3.31493e-318
1.89932e-316,1.89932e-316,4.94066e-324
2.47033e-323,2.47033e-323,3.31493e-318
1.89932e-316,1.89932e-316,4.94066e-324
2.47033e-323,2.47033e-323,3.31493e-318
1.89932e-316,1.89932e-316,4.94066e-324
1.89932e-316,1.89932e-316,4.94066e-324
2.47033e-323,2.47033e-323,3.31493e-318
2.47033e-323,2.47033e-323,3.31493e-318
1.89932e-316,1.89932e-316,4.94066e-324
1.89932e-316,1.89932e-316,4.94066e-324
2.47033e-323,2.47033e-323,3.31493e-318
1.89932e-316,1.89932e-316,4.94066e-324
2.47033e-323,2.47033e-323,3.31493e-318
1.89932e-316,1.89932e-316,4.94066e-324
1.89932e-316,1.89932e-316,4.94066e-324
2.47033e-323,2.47033e-323,3.31493e-318
1.89932e-316,1.89932e-316,4.94066e-324
2.47033e-323,2.47033e-323,3.31493e-318
1.89932e-316,1.89932e-316,4.94066e-324
2.47033e-323,2.47033e-323,3.31493e-318
2.47033e-323,2.47033e-323,3.31493e-318
2.47033e-323,2.47033e-323,3.31493e-318
2.47033e-323,2.47033e-323,3.31493e-318
1.89932e-316,1.89932e-316,4.94066e-324
2.47033e-323,2.47033e-323,3.31493e-318
1.89932e-316,1.89932e-316,4.94066e-324
2.47033e-323,2.47033e-323,3.31493e-318
1.89932e-316,1.89932e-316,4.94066e-324
2.47033e-323,2.47033e-323,3.31493e-318
2.47033e-323,2.47033e-323,3.31493e-318
2.47033e-323,2.47033e-323,3.31493e-318
2.47033e-323,2.47033e-323,3.31493e-318
1.89932e-316,1.89932e-316,4.94066e-324
