2.47033e-323,2.47033e-323,3.04721e-318
2.47033e-323,2.47033e-323,3.04721e-318
2.47033e-323,2.47033e-323,3.04721e-318
2.47033e-323,2.47033e-323,3.04721e-318
2.47033e-323,2.47033e-323,3.04721e-318
2.47033e-323,2.47033e-323,3.04721e-318
1.74592e-316,1.74592e-316,4.94066e-324
2.47033e-323,2.47033e-323,3.04721e-318
2.47033e-323,2.47033e-323,3.04721e-318
1.74592e-316,1.74592e-316,4.94066e-324
1.74592e-316,1.74592e-316,4.94066e-324
1.74592e-316,1.74592e-316,4.94066e-324
1.74592e-316,1.74592e-316,4.94066e-324
1.74592e-316,1.74592e-316,4.94066e-324
2.47033e-323,2.47033e-323,3.04721e-318
1.74592e-316,1.74592e-316,4.94066e-324
1.74592e-316,1.74592e-316,4.94066e-324
1.74592e-316,1.74592e-316,4.94066e-324
1.74592e-316,1.74592e-316,4.94066e-324
1.74592e-316,1.74592e-316,4.94066e-324
1.74592e-316,1.74592e-316,4.94066e-324
2.47033e-323,2.47033e-323,3.04721e-318
1.74592e-316,1.74592e-316,4.94066e-324
1.74592e-316,1.74592e-316,4.94066e-324
2.47033e-323,2.47033e-323,3.04721e-318
1.74592e-316,1.74592e-316,4.94066e-324
1.74592e-316,1.74592e-316,4.94066e-324
1.74592e-316,1.74592e-316,4.94066e-324
1.74592e-316,1.74592e-316,4.94066e-324
1.74592e-316,1.74592e-316,4.94066e-324
1.74592e-316,1.74592e-316,4.94066e-324
2.47033e-323,2.47033e-323,3.04721e-318
1.74592e-316,1.74592e-316,4.94066e-324
1.74592e-316,1.74592e-316,4.94066e-324
1.74592e-316,1.74592e-316,4.94066e-324
2.47033e-323,2.47033e-323,3.04721e-318
1.74592e-316,1.74592e-316,4.94066e-324
2.47033e-323,2.47033e-323,3.04721e-318
1.74592e-316,1.74592e-316,4.94066e-324
1.74592e-316,1.74592e-316,4.94066e-324
2.47033e-323,2.47033e-323,3.04721e-318
2.47033e-323,2.47033e-323,3.04721e-318
1.74592e-316,1.74592e-316,4.94066e-324
1.74592e-316,1.74592e-316,4.94066e-324
1.74592e-316,1.74592e-316,4.94066e-324
