2.47033e-323,2.47033e-323,1.63367e-318
9.36025e-317,9.36025e-317,4.94066e-324
9.36025e-317,9.36025e-317,4.94066e-324
2.47033e-323,2.47033e-323,1.63367e-318
9.36025e-317,9.36025e-317,4.94066e-324
2.47033e-323,2.47033e-323,1.63367e-318
2.47033e-323,2.47033e-323,1.63367e-318
2.47033e-323,2.47033e-323,1.63367e-318
9.36025e-317,9.36025e-317,4.94066e-324
2.47033e-323,2.47033e-323,1.63367e-318
9.36025e-317,9.36025e-317,4.94066e-324
9.36025e-317,9.36025e-317,4.94066e-324
2.47033e-323,2.47033e-323,1.63367e-318
2.47033e-323,2.47033e-323,1.63367e-318
9.36025e-317,9.36025e-317,4.94066e-324
2.47033e-323,2.47033e-323,1.63367e-318
9.36025e-317,9.36025e-317,4.94066e-324
9.36025e-317,9.36025e-317,4.94066e-324
2.47033e-323,2.47033e-323,1.63367e-318
9.36025e-317,9.36025e-317,4.94066e-324
