Inicio leitura (formato: numLeitura541, angulo, distanciaLaser, X laser, Y laser, X roboGlobal, Y roboGlobal)

656,,653,,655,,654,,657,,657,,656,,661,,659,,665,,663,,666,,671,,672,,672,,676,,683,,685,,688,,694,,698,,699,,704,,710,,716,,721,,725,,732,,739,,745,,757,,761,,771,,777,,785,,798,,807,,815,,830,,838,,853,,863,,877,,892,,904,,920,,936,,956,,972,,991,,1010,,1033,,1057,,1079,,1107,,1134,,1140,,1123,,1112,,1102,,1090,,1078,,1066,,1059,,1047,,1041,,1032,,1025,,1015,,1010,,1002,,996,,998,,1991,,2105,,2239,,2388,,2425,,2417,,2405,,2400,,2390,,2387,,2380,,3883,,3876,,3872,,3869,,3864,,3860,,3858,,3857,,3861,,3862,,3946,,3954,,3956,,3964,,3972,,3982,,3996,,4008,,4020,,4036,,4051,,4070,,3982,,4002,,4023,,4048,,4068,,5165,,5199,,5233,,5270,,5313,,5355,,5402,,5448,,5499,,5551,,5539,,5596,,5656,,5722,,5787,,5857,,5928,,6008,,6089,,6175,,6268,,6360,,6368,,6253,,6141,,6134,,6247,,6361,,6484,,6617,,6592,,1187,,1168,,1154,,1138,,1125,,1113,,1100,,1089,,656,,653,,644,,637,,633,,626,,621,,615,,614,,607,,605,,602,,595,,594,,592,,585,,586,,583,,579,,578,,577,,571,,573,,572,,567,,568,,567,,568,,567,,564,,566,,

657,,652,,653,,655,,657,,656,,657,,659,,661,,663,,666,,665,,669,,672,,674,,677,,681,,683,,686,,691,,698,,698,,707,,710,,715,,721,,727,,734,,743,,747,,754,,763,,768,,780,,790,,795,,807,,819,,829,,840,,850,,862,,877,,891,,907,,923,,938,,954,,973,,994,,1011,,1032,,1059,,1082,,1105,,1133,,1138,,1127,,1109,,1099,,1086,,1080,,1067,,1056,,1047,,1037,,1033,,1022,,1015,,1008,,1003,,994,,996,,1986,,2104,,2236,,2388,,2428,,2415,,2408,,2401,,2394,,2387,,2380,,3883,,3878,,3871,,3865,,3864,,3863,,3858,,3859,,3859,,3864,,3945,,3954,,3959,,3966,,3976,,3984,,3996,,4004,,4017,,4032,,4052,,4069,,3980,,4003,,4023,,4047,,4071,,5164,,5197,,5232,,5273,,5314,,5355,,5404,,5446,,5499,,5555,,5539,,5594,,5655,,5723,,5788,,5857,,5932,,6007,,6088,,6172,,6266,,6361,,6371,,6252,,6143,,6137,,6249,,6363,,6485,,6611,,6592,,1187,,1170,,1156,,1142,,1125,,1111,,1101,,1086,,656,,650,,644,,639,,632,,625,,625,,620,,613,,606,,605,,598,,597,,591,,589,,588,,586,,580,,577,,575,,574,,574,,570,,572,,568,,565,,569,,568,,565,,566,,562,,

652,,657,,655,,656,,658,,659,,656,,657,,661,,660,,667,,668,,671,,671,,674,,678,,680,,683,,689,,694,,695,,698,,704,,708,,716,,721,,730,,733,,743,,750,,756,,760,,773,,780,,787,,797,,806,,819,,828,,839,,854,,866,,879,,893,,909,,921,,937,,956,,974,,995,,1015,,1033,,1058,,1082,,1104,,1133,,1139,,1123,,1111,,1099,,1089,,1080,,1069,,1056,,1050,,1039,,1032,,1021,,1014,,1010,,1001,,995,,999,,1989,,2107,,2239,,2385,,2428,,2417,,2409,,2398,,2391,,2387,,2378,,3883,,3875,,3871,,3866,,3865,,3863,,3861,,3859,,3860,,3863,,3947,,3952,,3957,,3965,,3972,,3981,,3995,,4004,,4019,,4037,,4051,,4069,,3980,,4003,,4023,,4046,,4071,,5164,,5200,,5235,,5273,,5315,,5353,,5401,,5450,,5501,,5551,,5539,,5596,,5658,,5720,,5784,,5854,,5933,,6009,,6090,,6177,,6263,,6360,,6368,,6255,,6140,,6136,,6245,,6363,,6486,,6615,,6589,,1186,,1168,,1154,,1139,,1127,,1115,,1100,,1090,,658,,649,,644,,636,,631,,628,,623,,619,,613,,609,,604,,598,,596,,596,,590,,585,,583,,582,,582,,578,,575,,571,,572,,569,,566,,565,,568,,566,,564,,563,,564,,

657,,657,,657,,657,,658,,657,,657,,657,,660,,665,,663,,667,,670,,669,,675,,676,,679,,686,,688,,692,,697,,703,,704,,712,,716,,723,,727,,731,,741,,747,,753,,760,,772,,778,,789,,799,,808,,816,,830,,840,,854,,864,,879,,892,,907,,923,,936,,954,,975,,992,,1012,,1035,,1054,,1082,,1103,,1133,,1139,,1125,,1112,,1102,,1089,,1080,,1068,,1058,,1049,,1042,,1030,,1026,,1018,,1009,,1002,,993,,999,,1990,,2107,,2238,,2387,,2428,,2416,,2406,,2399,,2390,,2383,,2378,,3886,,3879,,3871,,3867,,3863,,3863,,3862,,3860,,3862,,3866,,3945,,3951,,3958,,3963,,3973,,3983,,3995,,4007,,4017,,4035,,4051,,4069,,3980,,4003,,4026,,4044,,4072,,5164,,5200,,5233,,5270,,5311,,5354,,5399,,5447,,5500,,5552,,5537,,5597,,5653,,5722,,5788,,5859,,5929,,6008,,6088,,6173,,6263,,6357,,6372,,6251,,6139,,6137,,6249,,6364,,6482,,6614,,6590,,1188,,1172,,1153,,1140,,1126,,1114,,1102,,1091,,659,,651,,647,,637,,632,,626,,623,,619,,611,,609,,607,,602,,598,,591,,592,,589,,583,,580,,580,,579,,577,,575,,573,,568,,570,,567,,569,,564,,566,,565,,563,,

655,,652,,653,,656,,657,,656,,660,,660,,659,,660,,662,,666,,668,,670,,677,,675,,679,,683,,690,,694,,696,,700,,703,,709,,717,,724,,730,,736,,740,,746,,752,,764,,770,,779,,785,,798,,809,,818,,826,,842,,854,,866,,877,,890,,908,,924,,939,,954,,971,,991,,1012,,1034,,1058,,1079,,1109,,1134,,1129,,1115,,1101,,1091,,1077,,1067,,1058,,1049,,1039,,1031,,1023,,1013,,1006,,999,,994,,985,,995,,1988,,2104,,2240,,2387,,2415,,2409,,2399,,2392,,2383,,2377,,2369,,3875,,3867,,3865,,3859,,3855,,3852,,3848,,3850,,3853,,3854,,3938,,3941,,3949,,3958,,3965,,3972,,3986,,3996,,4009,,4026,,4042,,4060,,3976,,3991,,4016,,4037,,4062,,5154,,5187,,5225,,5263,,5302,,5346,,5389,,5439,,5491,,5540,,5528,,5586,,5644,,5707,,5777,,5846,,5918,,6000,,6078,,6162,,6252,,6347,,6371,,6249,,6144,,6125,,6236,,6349,,6467,,6602,,6590,,1184,,1171,,1153,,1141,,1125,,1114,,1098,,1089,,1076,,653,,643,,639,,635,,627,,622,,618,,610,,609,,605,,599,,596,,594,,588,,589,,585,,582,,580,,578,,577,,572,,569,,572,,567,,566,,569,,567,,565,,566,,565,,

593,,593,,596,,594,,596,,596,,596,,600,,601,,601,,601,,605,,607,,612,,611,,617,,620,,619,,625,,631,,630,,638,,640,,648,,651,,657,,661,,665,,671,,678,,687,,693,,699,,705,,717,,722,,733,,741,,753,,764,,773,,787,,796,,811,,822,,838,,853,,868,,887,,904,,920,,941,,963,,982,,1003,,1031,,1055,,1083,,1114,,1146,,1177,,1212,,1254,,1293,,1339,,1389,,1404,,1397,,1387,,1377,,1365,,1358,,1349,,1341,,1335,,1327,,1324,,1320,,1372,,2839,,2826,,2820,,2811,,2803,,2801,,2797,,2788,,2786,,2784,,2781,,2782,,2782,,2781,,2782,,2787,,2872,,2874,,2881,,2887,,2894,,2901,,2909,,2918,,2932,,2941,,2954,,2967,,2982,,2999,,3016,,3033,,3053,,2968,,2986,,3006,,3030,,3054,,4197,,4234,,4271,,4314,,4358,,4403,,4449,,4500,,4556,,4611,,4592,,4655,,4716,,4781,,4851,,4923,,5003,,5084,,5167,,5255,,5352,,5451,,5558,,5656,,5577,,5496,,5424,,5411,,5540,,5679,,5828,,5978,,5961,,5896,,5837,,5780,,5725,,5676,,5628,,5580,,4707,,4673,,4641,,4607,,4579,,4549,,4523,,4416,,4391,,4372,,4355,,4332,,4320,,4303,,4291,,4278,,4268,,4257,,4245,,4239,,4236,,4228,,4225,,4224,,

678,,679,,684,,687,,690,,690,,695,,699,,704,,710,,711,,717,,723,,726,,733,,738,,746,,754,,760,,769,,777,,784,,790,,800,,812,,819,,831,,842,,854,,866,,878,,894,,910,,923,,941,,949,,932,,920,,902,,889,,875,,867,,856,,842,,833,,820,,811,,802,,794,,787,,778,,774,,764,,757,,754,,744,,741,,733,,732,,727,,723,,719,,713,,707,,707,,703,,700,,697,,693,,691,,688,,690,,686,,684,,683,,683,,679,,681,,682,,679,,679,,681,,681,,684,,681,,686,,687,,684,,690,,691,,693,,696,,699,,699,,701,,705,,792,,796,,800,,806,,812,,818,,821,,831,,834,,842,,851,,857,,867,,872,,881,,889,,900,,910,,921,,935,,948,,957,,969,,983,,999,,1013,,1027,,1048,,1065,,1084,,1102,,1122,,1143,,1165,,1190,,1217,,1244,,1272,,1299,,1280,,1265,,1229,,1256,,1292,,1333,,1377,,1422,,1469,,3688,,3824,,3975,,4141,,4320,,4519,,4541,,4513,,4487,,4465,,4440,,4471,,4785,,5141,,5162,,5145,,5128,,5113,,5102,,5091,,5081,,5070,,5068,,5060,,5056,,5056,,5051,,5054,,4297,,4300,,4305,,4310,,4319,,4327,,4336,,4347,,4361,,

2711,,2734,,2751,,2778,,2801,,2825,,2851,,2876,,2905,,2937,,2971,,3003,,3038,,3017,,2948,,2876,,2814,,2755,,2701,,2727,,2770,,2815,,2864,,2911,,2965,,3023,,3081,,3140,,3207,,3240,,3196,,3151,,3114,,3077,,3039,,3009,,2971,,2944,,2913,,2884,,2857,,2830,,2809,,2788,,2763,,1917,,1906,,1893,,1879,,1871,,1859,,1848,,1837,,1830,,1821,,1815,,1810,,1800,,1798,,1791,,1788,,1785,,1782,,1778,,1776,,1692,,1690,,1692,,1693,,1693,,1693,,1694,,1697,,1700,,1702,,1705,,1706,,1714,,1716,,1725,,1726,,1734,,1741,,1750,,1758,,1768,,1779,,1788,,1802,,1810,,1826,,1835,,1853,,1868,,1882,,1896,,1914,,1935,,1953,,1973,,1994,,2016,,2037,,2064,,2089,,2118,,2142,,2174,,2208,,2236,,2271,,2307,,2349,,2389,,2429,,2474,,2524,,2539,,2502,,2465,,2434,,2400,,2371,,2342,,2310,,2286,,2260,,2238,,2292,,2361,,4099,,4064,,4057,,4102,,4121,,4290,,4472,,4672,,4830,,4802,,4774,,4746,,4722,,4699,,4678,,4659,,4640,,4626,,4606,,4593,,1977,,1971,,1966,,1963,,1957,,1958,,1956,,1957,,1955,,1956,,1953,,1958,,1960,,1963,,2045,,2048,,2052,,2058,,2064,,2070,,2079,,2086,,2091,,2102,,2110,,2124,,2134,,2148,,2159,,2173,,2189,,

1130,,1131,,1137,,1141,,1146,,1150,,1154,,1162,,1168,,1177,,1182,,1192,,1198,,1208,,1216,,1228,,1237,,1246,,1262,,1274,,1284,,1297,,1310,,1325,,1343,,1359,,1375,,1395,,1414,,1432,,1451,,1474,,1497,,1488,,1458,,1432,,1407,,1385,,1365,,1347,,1324,,1308,,1290,,1270,,1254,,1241,,1223,,1209,,1199,,1187,,1174,,1179,,1218,,1261,,1301,,2993,,2984,,3057,,3039,,3110,,3253,,3423,,3606,,3805,,3783,,3765,,3751,,3734,,3716,,3706,,3692,,3683,,3674,,3666,,3656,,3652,,3646,,3645,,3641,,3640,,3639,,3637,,3641,,3642,,3646,,3649,,3658,,3559,,3123,,2772,,2498,,2276,,2086,,1208,,1127,,1096,,1099,,1104,,1109,,1120,,1124,,1130,,1141,,1146,,1154,,1166,,1176,,1184,,1196,,1209,,1218,,1233,,1246,,1260,,1273,,1287,,1404,,1421,,1441,,1461,,1483,,1501,,1523,,1552,,1577,,1604,,1630,,1662,,1692,,1723,,1758,,1799,,1833,,1878,,1899,,1876,,1855,,1886,,1942,,1933,,1914,,1895,,1874,,1860,,1841,,1825,,1814,,1799,,1786,,1774,,1773,,1860,,1956,,2065,,2184,,3912,,3893,,3875,,3863,,3848,,3833,,3823,,3810,,3805,,3454,,3725,,3719,,3717,,3714,,3711,,3712,,3712,,3711,,3711,,3715,,3722,,3728,,3733,,3743,,3751,,3759,,

1289,,1286,,1279,,1275,,1273,,1272,,1270,,1267,,1262,,1260,,1262,,1262,,1258,,1260,,1261,,1262,,1264,,1264,,1266,,1266,,1270,,1271,,1230,,1116,,1014,,933,,864,,807,,757,,749,,755,,758,,763,,768,,774,,777,,781,,790,,796,,803,,810,,818,,1445,,1573,,1588,,1606,,1623,,1644,,1661,,1682,,1705,,1728,,1752,,1777,,1807,,1833,,1864,,1893,,2681,,2632,,2592,,2552,,2511,,2475,,2441,,2406,,2373,,2343,,2376,,2409,,2380,,2382,,2452,,2520,,2603,,2686,,2775,,2874,,2983,,3083,,3061,,3039,,3018,,3002,,2983,,2963,,2945,,2934,,2920,,2905,,2894,,2881,,2874,,2861,,2853,,2849,,2841,,2836,,2831,,2826,,2821,,2821,,2820,,2821,,2818,,2818,,2824,,2826,,2830,,2745,,2347,,2053,,1825,,1642,,1494,,1369,,1261,,1172,,1098,,440,,414,,391,,375,,357,,338,,323,,312,,299,,288,,278,,268,,271,,271,,273,,279,,279,,282,,289,,292,,294,,297,,301,,307,,312,,317,,319,,326,,331,,337,,340,,348,,354,,361,,369,,376,,384,,391,,405,,415,,422,,435,,446,,460,,472,,484,,500,,520,,534,,554,,577,,600,,623,,872,,910,,957,,1006,,1060,,1123,,1191,,1274,,1361,,

1354,,1346,,1336,,1327,,1319,,1311,,1308,,1300,,1294,,1288,,1286,,1280,,1278,,1276,,1271,,1266,,1267,,1263,,1264,,1260,,1261,,1260,,1258,,1257,,1259,,1261,,1263,,1267,,1266,,1269,,1275,,1215,,1102,,1006,,927,,857,,801,,752,,750,,752,,760,,764,,767,,774,,779,,784,,791,,796,,804,,810,,818,,1446,,1573,,1592,,1608,,1627,,1645,,1668,,1685,,1709,,1734,,1755,,1780,,1808,,1838,,1866,,1897,,2676,,2632,,2588,,2546,,2511,,2472,,2436,,2404,,2372,,2340,,2378,,2409,,2378,,2387,,2455,,2533,,2610,,2694,,2783,,2884,,2994,,3085,,3061,,3037,,3016,,2998,,2982,,2961,,2945,,2933,,2918,,2902,,2893,,2880,,2871,,2864,,2853,,2848,,2840,,2835,,2832,,2825,,2822,,2818,,2817,,2820,,2820,,2821,,2820,,2824,,2828,,2711,,2315,,2037,,1804,,1626,,1480,,1354,,1255,,1167,,1089,,441,,412,,390,,371,,355,,338,,322,,307,,297,,288,,277,,269,,270,,272,,275,,277,,281,,282,,289,,291,,293,,299,,300,,305,,309,,317,,321,,323,,332,,335,,340,,349,,354,,362,,368,,378,,385,,393,,402,,412,,425,,434,,448,,461,,471,,489,,504,,521,,537,,555,,578,,604,,626,,

1832,,1797,,1766,,1734,,1710,,1681,,1657,,1633,,1611,,1590,,1567,,1547,,1531,,1513,,1492,,1477,,1460,,1447,,1434,,1420,,1410,,1394,,1384,,1373,,1362,,1352,,1346,,1337,,1330,,1323,,1316,,1308,,1304,,1296,,1290,,1288,,1280,,1277,,1274,,1271,,1268,,1264,,1266,,1263,,1263,,1259,,1259,,1259,,1261,,1261,,1262,,1261,,1265,,1265,,1267,,1274,,1243,,1123,,1026,,946,,874,,811,,759,,749,,753,,755,,763,,767,,772,,776,,783,,787,,793,,801,,808,,815,,1442,,1570,,1585,,1606,,1624,,1641,,1659,,1684,,1702,,1726,,1752,,1778,,1804,,1831,,1860,,1889,,2685,,2638,,2595,,2552,,2518,,2481,,2445,,2410,,2377,,2349,,2369,,2414,,2387,,2373,,2443,,2512,,2590,,2677,,2766,,2867,,2971,,3087,,3065,,3040,,3019,,3003,,2983,,2964,,2948,,2932,,2919,,2905,,2894,,2882,,2874,,2865,,2857,,2846,,2841,,2834,,2832,,2825,,2823,,2821,,2821,,2818,,2820,,2822,,2822,,2826,,2827,,2806,,2399,,2087,,1851,,1660,,1509,,1379,,1272,,1184,,1107,,443,,418,,397,,374,,355,,342,,326,,312,,300,,289,,276,,267,,268,,270,,277,,278,,280,,284,,284,,291,,293,,297,,299,,304,,312,,313,,318,,322,,

1830,,1797,,1767,,1738,,1711,,1681,,1658,,1633,,1612,,1586,,1565,,1549,,1529,,1510,,1496,,1477,,1463,,1446,,1432,,1421,,1407,,1395,,1387,,1373,,1363,,1356,,1345,,1338,,1331,,1320,,1313,,1310,,1300,,1299,,1292,,1284,,1281,,1276,,1272,,1269,,1270,,1268,,1262,,1261,,1261,,1261,,1261,,1259,,1261,,1259,,1264,,1264,,1267,,1268,,1268,,1273,,1247,,1123,,1022,,944,,875,,813,,759,,751,,753,,757,,762,,768,,769,,777,,781,,787,,795,,802,,807,,815,,1444,,1569,,1590,,1604,,1625,,1643,,1659,,1684,,1701,,1726,,1751,,1774,,1801,,1832,,1862,,1891,,2682,,2638,,2598,,2556,,2516,,2477,,2443,,2411,,2379,,2348,,2367,,2411,,2383,,2374,,2439,,2511,,2594,,2676,,2769,,2861,,2970,,3084,,3063,,3041,,3020,,3003,,2983,,2966,,2952,,2936,,2919,,2907,,2895,,2885,,2871,,2865,,2854,,2849,,2843,,2834,,2831,,2827,,2825,,2822,,2818,,2821,,2820,,2820,,2821,,2826,,2827,,2803,,2390,,2092,,1847,,1665,,1505,,1382,,1274,,1184,,1102,,442,,416,,393,,377,,359,,339,,326,,311,,299,,289,,275,,269,,270,,271,,274,,275,,280,,281,,287,,288,,292,,299,,303,,305,,310,,315,,321,,324,,

4373,,4395,,4414,,4273,,4035,,3999,,4023,,4048,,4077,,4105,,4133,,4169,,4200,,2770,,2679,,2596,,2511,,2437,,2368,,2157,,2099,,2046,,1998,,1949,,1901,,1859,,1823,,1783,,1749,,1715,,1684,,1651,,1623,,1599,,1571,,1546,,1523,,1500,,1481,,1463,,1442,,1426,,1404,,1387,,1372,,1361,,1347,,1330,,1318,,1307,,1294,,1285,,1273,,1261,,1252,,1246,,1239,,1230,,1223,,1216,,1208,,1202,,1198,,1191,,1188,,1183,,1179,,1176,,1172,,1167,,1167,,1162,,1163,,1161,,1157,,1158,,1158,,1155,,1154,,1158,,1160,,1158,,1160,,1161,,1164,,1170,,1065,,960,,873,,800,,742,,692,,644,,639,,646,,647,,651,,655,,661,,667,,667,,676,,679,,687,,692,,696,,704,,714,,1467,,1482,,1499,,1513,,1532,,1554,,1574,,1595,,1617,,1640,,1661,,1687,,1717,,1743,,1771,,1805,,2558,,2518,,2480,,2441,,2406,,2377,,2342,,2311,,2283,,2257,,2296,,2324,,2302,,2299,,2368,,2446,,2528,,2620,,2715,,2816,,2932,,3009,,2988,,2972,,2951,,2936,,2919,,2906,,2888,,2878,,2866,,2854,,2844,,2834,,2825,,2815,,2811,,2804,,2799,,2793,,2790,,2788,,2787,,2786,,2786,,2790,,2788,,2791,,2795,,2799,,2805,,2813,,2561,,2305,,2083,,1907,,1762,,

4351,,4298,,4123,,4078,,4032,,3989,,4092,,4216,,4346,,4494,,4648,,4823,,4835,,4802,,4762,,4731,,4700,,4671,,4640,,4618,,4591,,4569,,4547,,4526,,4508,,4494,,4478,,4402,,4392,,4380,,4370,,4364,,4353,,4352,,4348,,4342,,4341,,4342,,4344,,4345,,4350,,4352,,4361,,4367,,4379,,4389,,4401,,4411,,4307,,3972,,3990,,4005,,4023,,4042,,4066,,4086,,2625,,2504,,2391,,2079,,1993,,1915,,1842,,1778,,1720,,1660,,1610,,1563,,1517,,1472,,1435,,1397,,1366,,1333,,1299,,1270,,1244,,1220,,1196,,1173,,1149,,1128,,1106,,1092,,1070,,1054,,1039,,1026,,1010,,997,,981,,972,,960,,945,,936,,926,,916,,909,,900,,888,,883,,875,,868,,858,,852,,845,,843,,838,,829,,826,,820,,818,,814,,807,,806,,804,,801,,797,,798,,795,,792,,790,,791,,786,,786,,786,,786,,783,,787,,788,,785,,788,,790,,765,,656,,575,,512,,458,,418,,383,,351,,329,,305,,289,,272,,258,,258,,263,,260,,262,,264,,269,,270,,273,,275,,277,,279,,282,,287,,291,,290,,296,,299,,303,,306,,308,,316,,319,,325,,329,,332,,341,,343,,350,,359,,364,,1341,,1365,,1395,,1427,,1459,,

2736,,2725,,2713,,2700,,2689,,2681,,2675,,2667,,2663,,2655,,2652,,2646,,2642,,2643,,2637,,2639,,2640,,2638,,2641,,2642,,2647,,2650,,2655,,2661,,2666,,2674,,2686,,2695,,2511,,2326,,2176,,2039,,1914,,1806,,1717,,1631,,1557,,1485,,1424,,1366,,1314,,1263,,1221,,1180,,1141,,1104,,1071,,1041,,1014,,987,,960,,937,,915,,895,,874,,854,,838,,822,,804,,789,,777,,763,,752,,738,,727,,714,,705,,693,,685,,675,,666,,662,,460,,456,,451,,446,,438,,435,,430,,430,,426,,421,,418,,413,,410,,410,,408,,406,,403,,398,,398,,397,,396,,394,,392,,390,,389,,389,,429,,486,,573,,687,,856,,1645,,1645,,1763,,1763,,1761,,1764,,1765,,1767,,1771,,1771,,1775,,1781,,1782,,1788,,1795,,1802,,3922,,3936,,3958,,3976,,3994,,4020,,4041,,4067,,4093,,4118,,4148,,4182,,4212,,4250,,4285,,4234,,4099,,4063,,4524,,4571,,4623,,4674,,4732,,4788,,4850,,4918,,4983,,5056,,5131,,5208,,5121,,5030,,4941,,4856,,4775,,4700,,4626,,4667,,4596,,4531,,4476,,4416,,4361,,4306,,4262,,4214,,4052,,4008,,3967,,3931,,4059,,4200,,4357,,4522,,4706,,4820,,4791,,4760,,4728,,4701,,4674,,4647,,

2733,,2720,,2709,,2702,,2692,,2681,,2674,,2668,,2660,,2651,,2647,,2647,,2640,,2641,,2639,,2637,,2637,,2639,,2640,,2642,,2647,,2649,,2656,,2658,,2664,,2674,,2680,,2691,,2489,,2308,,2147,,2015,,1897,,1790,,1695,,1610,,1539,,1470,,1408,,1349,,1300,,1248,,1208,,1166,,1127,,1096,,1062,,1032,,1004,,974,,953,,929,,905,,886,,863,,846,,827,,811,,799,,784,,769,,753,,740,,732,,716,,709,,695,,690,,676,,667,,663,,652,,454,,448,,440,,439,,431,,428,,427,,419,,416,,416,,411,,410,,404,,404,,399,,395,,397,,394,,393,,390,,386,,384,,383,,384,,380,,382,,418,,474,,554,,663,,836,,1640,,1639,,1759,,1758,,1758,,1758,,1760,,1759,,1761,,1767,,1771,,1773,,1780,,1781,,1791,,1796,,3916,,3932,,3949,,3971,,3987,,4009,,4034,,4057,,4084,,4113,,4143,,4177,,4209,,4242,,4279,,4242,,4106,,4052,,4514,,4563,,4614,,4665,,4723,,4780,,4842,,4909,,4976,,5045,,5122,,5200,,5125,,5032,,4940,,4860,,4781,,4705,,4631,,4664,,4597,,4537,,4474,,4417,,4366,,4313,,4259,,4216,,4050,,4008,,3971,,3933,,4044,,4185,,4344,,4509,,4689,,4824,,4791,,4760,,4731,,4700,,4675,,4649,,

2751,,2739,,2729,,2716,,2706,,2700,,2688,,2681,,2677,,2668,,2666,,2661,,2659,,2657,,2655,,2655,,2656,,2654,,2655,,2660,,2664,,2665,,2669,,2678,,2682,,2690,,2697,,2709,,2717,,2562,,2389,,2241,,2110,,1991,,1887,,1797,,1713,,1634,,1569,,1505,,1447,,1389,,1343,,1298,,1254,,1217,,1180,,1147,,1112,,1086,,1055,,1032,,1008,,981,,960,,939,,922,,902,,888,,870,,856,,837,,823,,814,,799,,786,,774,,765,,757,,747,,735,,724,,716,,711,,511,,506,,504,,496,,494,,491,,486,,481,,475,,476,,470,,464,,462,,464,,457,,454,,453,,450,,448,,450,,445,,446,,445,,478,,535,,611,,714,,853,,1698,,1696,,1699,,1817,,1816,,1815,,1815,,1819,,1822,,1822,,1828,,1831,,1836,,1838,,1846,,1850,,3962,,3976,,3995,,4012,,4032,,4053,,4076,,4095,,4123,,4149,,4178,,4209,,4241,,4272,,4308,,4346,,4205,,4082,,4539,,4587,,4631,,4686,,4740,,4796,,4852,,4918,,4984,,5053,,5122,,5204,,5199,,5101,,5011,,4923,,4838,,4755,,4682,,4669,,4646,,4578,,4514,,4452,,4394,,4343,,4294,,4242,,4076,,4032,,3989,,3952,,4040,,4179,,4327,,4484,,4653,,4833,,4809,,4771,,4742,,4711,,4685,,4658,,4635,,

2155,,2124,,2103,,2076,,2054,,2030,,2060,,2107,,2083,,2065,,2121,,2195,,2277,,2370,,2472,,2578,,2695,,2816,,2796,,2784,,2768,,2751,,2740,,2727,,2717,,2707,,2699,,2691,,2684,,2677,,2671,,2664,,2663,,2659,,2655,,2655,,2654,,2653,,2654,,2655,,2656,,2659,,2664,,2668,,2675,,2681,,2691,,2697,,2705,,2716,,2586,,2412,,2260,,2119,,2005,,1897,,1803,,1722,,1645,,1571,,1510,,1448,,1396,,1350,,1303,,1262,,1221,,1183,,1149,,1117,,1089,,1063,,1034,,1008,,988,,964,,943,,924,,908,,889,,873,,856,,842,,825,,815,,801,,789,,776,,765,,754,,744,,734,,726,,719,,713,,514,,510,,504,,499,,494,,492,,488,,481,,478,,476,,472,,467,,464,,461,,460,,456,,452,,451,,452,,447,,445,,445,,445,,471,,530,,601,,703,,838,,1698,,1697,,1697,,1814,,1819,,1815,,1816,,1818,,1822,,1824,,1825,,1832,,1831,,1840,,1843,,1851,,3959,,3974,,3993,,4012,,4029,,4050,,4072,,4094,,4122,,4149,,4173,,4204,,4237,,4268,,4302,,4342,,4223,,4087,,4120,,4578,,4628,,4681,,4734,,4789,,4849,,4909,,4979,,5044,,5117,,5191,,5208,,5109,,5017,,4929,,4846,,4763,,4686,,4659,,4654,,4587,,4521,,4461,,

1252,,1267,,1280,,1301,,1316,,1334,,1354,,1372,,1394,,1419,,1438,,1466,,1491,,1518,,1545,,2312,,2279,,2245,,2213,,2184,,2157,,2127,,2104,,2078,,2057,,2034,,2059,,2106,,2086,,2069,,2114,,2188,,2272,,2361,,2459,,2569,,2689,,2817,,2801,,2781,,2770,,2756,,2740,,2729,,2717,,2708,,2701,,2690,,2685,,2676,,2673,,2666,,2662,,2659,,2658,,2653,,2653,,2653,,2652,,2655,,2656,,2663,,2664,,2667,,2673,,2680,,2689,,2698,,2704,,2715,,2594,,2421,,2267,,2128,,2013,,1907,,1809,,1724,,1645,,1579,,1516,,1454,,1403,,1349,,1304,,1264,,1222,,1190,,1150,,1120,,1092,,1062,,1038,,1013,,987,,968,,947,,926,,909,,888,,872,,858,,840,,827,,816,,804,,790,,780,,765,,754,,746,,738,,726,,720,,713,,513,,511,,506,,499,,492,,491,,483,,480,,479,,475,,473,,470,,463,,464,,457,,458,,453,,451,,450,,447,,445,,445,,443,,466,,522,,596,,693,,827,,1700,,1701,,1699,,1817,,1815,,1814,,1819,,1818,,1820,,1822,,1827,,1828,,1833,,1836,,1844,,1849,,3961,,3973,,3989,,4007,,4029,,4050,,4070,,4093,,4117,,4147,,4173,,4203,,4235,,4266,,4302,,4337,,4234,,4096,,4115,,4576,,4628,,4674,,

945,,943,,942,,941,,747,,538,,425,,405,,408,,408,,405,,408,,411,,412,,411,,416,,414,,418,,419,,422,,424,,426,,431,,435,,437,,440,,444,,444,,450,,456,,458,,464,,1208,,1221,,1237,,1250,,1263,,1277,,1297,,1313,,1328,,1348,,1369,,1390,,1411,,1435,,1458,,1485,,1512,,1537,,1570,,2287,,2254,,2219,,2189,,2160,,2133,,2106,,2081,,2060,,2035,,2040,,2103,,2093,,2074,,2092,,2173,,2255,,2339,,2437,,2542,,2659,,2786,,2801,,2785,,2772,,2759,,2744,,2734,,2723,,2710,,2701,,2695,,2688,,2681,,2671,,2669,,2661,,2657,,2656,,2657,,2652,,2655,,2652,,2657,,2657,,2662,,2664,,2667,,2674,,2682,,2688,,2694,,2705,,2716,,2648,,2460,,2301,,2159,,2037,,1932,,1830,,1746,,1662,,1592,,1526,,1469,,1410,,1362,,1314,,1275,,1232,,1193,,1162,,1129,,1098,,1071,,1043,,1017,,994,,971,,948,,931,,914,,892,,877,,863,,843,,834,,818,,806,,795,,782,,770,,758,,748,,737,,728,,723,,715,,703,,508,,505,,499,,497,,489,,489,,483,,479,,473,,471,,466,,464,,461,,458,,455,,455,,452,,448,,448,,448,,446,,443,,454,,507,,576,,667,,788,,1701,,1699,,1698,,

936,,936,,938,,938,,939,,938,,940,,938,,942,,942,,945,,950,,954,,953,,957,,962,,968,,973,,974,,1085,,1092,,1097,,1105,,1116,,1119,,1131,,1140,,1147,,1160,,1170,,1179,,1190,,1199,,1212,,1229,,1239,,1255,,1271,,1286,,1303,,1322,,1342,,1360,,2181,,2166,,2126,,2090,,2054,,2017,,1982,,1953,,1926,,1896,,1873,,1844,,1819,,1797,,1819,,1866,,1854,,1833,,1833,,1886,,1946,,2012,,2083,,2156,,2235,,2326,,2419,,2522,,2547,,2529,,2515,,2500,,2484,,2473,,2461,,2450,,2439,,2434,,2422,,2416,,2407,,2403,,2396,,2392,,2390,,2383,,2383,,2383,,2382,,2379,,2381,,2384,,2383,,2388,,2388,,2392,,2400,,2403,,2411,,2417,,2426,,2432,,2443,,2456,,2325,,2188,,2058,,1951,,1853,,1762,,1682,,1611,,1544,,1484,,1431,,1379,,1332,,1284,,1247,,1209,,1172,,1141,,1108,,1083,,1051,,1030,,1006,,983,,959,,938,,922,,905,,886,,871,,856,,842,,828,,814,,802,,790,,779,,766,,759,,747,,738,,728,,719,,712,,707,,697,,690,,686,,678,,674,,668,,659,,654,,654,,647,,640,,640,,633,,631,,627,,624,,620,,622,,617,,613,,614,,613,,609,,607,,607,,606,,606,,606,,602,,

890,,886,,886,,888,,888,,889,,890,,894,,895,,895,,900,,899,,903,,907,,910,,911,,918,,923,,924,,933,,938,,944,,948,,954,,961,,924,,887,,854,,827,,797,,774,,750,,726,,705,,688,,665,,652,,633,,621,,603,,594,,580,,570,,558,,548,,535,,527,,517,,510,,502,,492,,486,,480,,472,,466,,460,,452,,449,,442,,436,,430,,427,,425,,417,,417,,413,,406,,405,,402,,399,,397,,392,,388,,389,,388,,382,,383,,381,,378,,377,,378,,374,,374,,374,,369,,372,,371,,367,,366,,368,,369,,369,,367,,365,,368,,370,,370,,369,,369,,372,,373,,372,,374,,375,,375,,378,,376,,382,,381,,382,,386,,387,,391,,394,,399,,399,,400,,406,,409,,412,,416,,418,,424,,431,,433,,437,,445,,450,,451,,459,,468,,474,,481,,487,,494,,500,,512,,519,,530,,540,,547,,557,,571,,583,,596,,609,,625,,638,,655,,673,,692,,708,,729,,745,,737,,732,,726,,721,,716,,711,,703,,697,,693,,692,,687,,685,,681,,675,,674,,667,,668,,663,,661,,659,,656,,657,,657,,655,,652,,654,,651,,

886,,889,,889,,888,,890,,889,,892,,892,,893,,895,,898,,901,,903,,904,,907,,911,,918,,922,,927,,933,,938,,941,,946,,955,,961,,923,,890,,858,,827,,798,,772,,746,,726,,707,,687,,669,,650,,634,,618,,605,,591,,582,,569,,556,,547,,536,,526,,514,,509,,499,,494,,483,,477,,472,,465,,457,,454,,450,,440,,435,,432,,428,,425,,418,,415,,413,,409,,405,,402,,399,,395,,391,,389,,388,,386,,383,,383,,378,,377,,379,,377,,372,,374,,373,,373,,370,,369,,368,,368,,370,,368,,365,,369,,369,,367,,370,,368,,371,,371,,370,,369,,374,,372,,377,,374,,378,,381,,379,,384,,386,,387,,389,,393,,393,,394,,398,,402,,405,,409,,412,,415,,420,,426,,430,,433,,436,,443,,447,,456,,458,,465,,470,,480,,487,,496,,504,,508,,517,,526,,540,,549,,561,,570,,584,,596,,608,,622,,640,,656,,671,,690,,711,,732,,748,,737,,733,,727,,719,,715,,709,,706,,698,,693,,690,,686,,683,,677,,676,,672,,671,,664,,663,,663,,662,,658,,657,,653,,655,,656,,651,,654,,

887,,888,,889,,889,,891,,887,,891,,893,,894,,898,,897,,900,,903,,908,,911,,912,,915,,919,,926,,932,,937,,941,,948,,952,,963,,926,,887,,853,,825,,796,,771,,747,,727,,705,,685,,668,,652,,633,,618,,607,,591,,580,,566,,557,,546,,538,,527,,516,,510,,501,,490,,482,,477,,470,,465,,460,,454,,448,,440,,438,,431,,428,,426,,420,,417,,414,,408,,406,,400,,398,,395,,394,,392,,386,,387,,384,,382,,383,,377,,376,,377,,372,,371,,371,,370,,369,,367,,370,,367,,369,,369,,370,,367,,369,,368,,370,,368,,370,,367,,372,,372,,374,,371,,374,,376,,377,,378,,381,,381,,385,,386,,391,,391,,392,,396,,401,,401,,408,,409,,413,,417,,418,,423,,430,,436,,436,,445,,446,,454,,462,,465,,471,,480,,488,,494,,499,,511,,517,,530,,538,,548,,558,,571,,583,,595,,607,,622,,639,,654,,670,,689,,709,,730,,744,,740,,731,,725,,720,,716,,711,,705,,699,,694,,689,,687,,680,,679,,678,,675,,668,,668,,666,,664,,661,,658,,655,,657,,654,,654,,651,,650,,

896,,896,,896,,896,,894,,895,,897,,899,,902,,904,,904,,908,,909,,914,,914,,922,,925,,928,,930,,939,,942,,948,,953,,963,,968,,976,,983,,990,,1001,,1006,,1017,,1028,,1035,,1045,,1060,,1072,,1086,,1095,,1076,,1046,,1027,,1004,,981,,963,,945,,925,,909,,895,,879,,866,,851,,837,,830,,814,,802,,794,,786,,774,,765,,756,,749,,743,,733,,729,,721,,715,,707,,699,,693,,689,,685,,679,,679,,672,,668,,664,,660,,660,,656,,654,,649,,648,,646,,643,,644,,642,,639,,639,,637,,638,,638,,638,,635,,638,,636,,637,,640,,638,,640,,644,,640,,646,,646,,649,,650,,652,,654,,657,,663,,664,,669,,673,,677,,683,,686,,691,,695,,703,,707,,712,,720,,729,,734,,743,,751,,761,,765,,775,,785,,796,,807,,816,,831,,840,,857,,870,,884,,899,,898,,882,,871,,860,,844,,832,,819,,810,,799,,788,,780,,770,,763,,755,,745,,739,,731,,725,,719,,711,,708,,703,,695,,693,,690,,685,,678,,677,,674,,667,,666,,663,,658,,660,,655,,654,,651,,648,,649,,646,,647,,648,,643,,

1027,,1026,,1027,,1028,,1026,,1025,,1027,,1032,,1035,,1035,,1035,,1038,,1044,,1047,,1052,,1053,,1058,,1066,,1068,,1074,,1080,,1087,,1093,,1101,,1112,,1118,,1785,,1799,,1815,,1834,,1846,,1868,,1887,,1903,,1907,,1858,,1810,,1766,,1724,,1686,,1644,,1613,,1580,,1545,,1517,,1487,,1461,,1461,,1486,,1516,,1505,,1479,,1457,,1480,,1517,,1550,,1586,,1624,,1671,,1715,,1759,,1814,,1868,,1923,,1987,,2056,,2129,,2140,,2121,,2106,,2092,,2075,,2067,,2052,,2040,,2027,,2019,,2012,,1998,,1993,,1987,,1976,,1973,,1967,,1960,,1954,,1954,,1949,,1946,,1944,,1943,,1943,,1940,,1946,,1944,,1944,,1946,,1952,,1951,,1960,,1961,,1965,,1971,,1979,,1986,,1993,,2000,,2011,,2020,,2030,,1986,,1885,,1796,,1713,,1639,,1575,,1508,,1453,,1402,,1353,,1309,,1267,,1229,,1194,,1159,,1128,,1098,,1071,,1048,,1021,,1001,,975,,956,,937,,919,,901,,886,,870,,856,,842,,829,,813,,805,,792,,779,,769,,759,,749,,744,,732,,724,,716,,709,,705,,698,,692,,686,,680,,673,,669,,663,,660,,653,,649,,646,,643,,642,,637,,633,,630,,627,,624,,623,,624,,619,,620,,618,,616,,616,,613,,612,,

1036,,1033,,1028,,1030,,1029,,1026,,1025,,1026,,1027,,1025,,1027,,1026,,1028,,1030,,1030,,1031,,1037,,1039,,1041,,1045,,1049,,1054,,1059,,1060,,1068,,1073,,1080,,1084,,1094,,1100,,1106,,1117,,1122,,1795,,1810,,1826,,1843,,1862,,1878,,1896,,1918,,1876,,1827,,1787,,1743,,1703,,1662,,1629,,1593,,1563,,1530,,1505,,1475,,1450,,1478,,1505,,1516,,1488,,1467,,1467,,1503,,1534,,1575,,1608,,1652,,1695,,1742,,1793,,1848,,1903,,1967,,2032,,2103,,2149,,2132,,2113,,2101,,2083,,2071,,2056,,2045,,2037,,2023,,2017,,2003,,1998,,1991,,1983,,1974,,1969,,1964,,1959,,1954,,1950,,1951,,1949,,1944,,1943,,1943,,1943,,1945,,1945,,1947,,1950,,1953,,1956,,1962,,1968,,1975,,1978,,1987,,1992,,2002,,2008,,2018,,2028,,2022,,1923,,1827,,1743,,1668,,1598,,1531,,1472,,1421,,1372,,1326,,1281,,1244,,1207,,1171,,1141,,1109,,1083,,1058,,1033,,1008,,983,,964,,947,,926,,907,,892,,876,,860,,848,,834,,818,,805,,794,,782,,775,,766,,755,,743,,736,,730,,718,,714,,706,,700,,694,,688,,679,,677,,667,,666,,661,,656,,649,,649,,644,,643,,636,,632,,633,,627,,624,,626,,621,,622,,

709,,715,,723,,733,,743,,749,,737,,723,,704,,690,,674,,663,,649,,638,,630,,641,,653,,668,,677,,694,,705,,722,,738,,753,,771,,5190,,5133,,5072,,5017,,4964,,4911,,4864,,4709,,4665,,4623,,4587,,4749,,4938,,5150,,5381,,5486,,5453,,5421,,5391,,5363,,5341,,5315,,5292,,5272,,5253,,5237,,5222,,5207,,5194,,5125,,5115,,5109,,5100,,5098,,5094,,5093,,5095,,5097,,5099,,5108,,5115,,5121,,5131,,5143,,5155,,5168,,5186,,4831,,4753,,4773,,4792,,4818,,3491,,3305,,3131,,2742,,2617,,2504,,2400,,2303,,2219,,2135,,2062,,1993,,1933,,1872,,757,,733,,714,,698,,678,,663,,647,,634,,616,,617,,627,,634,,647,,655,,667,,676,,689,,702,,719,,734,,749,,764,,779,,801,,820,,838,,861,,882,,910,,934,,965,,994,,1027,,1033,,1026,,1017,,1011,,1004,,996,,987,,980,,975,,971,,968,,962,,957,,950,,947,,946,,942,,939,,1033,,1033,,1031,,1028,,1028,,1026,,1028,,1028,,1028,,1026,,1024,,1027,,1025,,1029,,1030,,1033,,1034,,1036,,1041,,1041,,1046,,1051,,1052,,1060,,1062,,1069,,1072,,1081,,1086,,1091,,1101,,1110,,1118,,1126,,1798,,1809,,1828,,1845,,1862,,

1258,,1222,,1186,,1155,,1123,,1092,,1066,,1039,,1017,,992,,973,,953,,934,,913,,896,,882,,865,,851,,839,,826,,811,,798,,791,,777,,766,,756,,747,,738,,729,,724,,718,,708,,703,,693,,687,,681,,676,,673,,668,,664,,659,,655,,651,,643,,642,,639,,633,,634,,632,,627,,623,,625,,619,,621,,619,,618,,617,,615,,616,,615,,613,,615,,613,,613,,615,,614,,616,,614,,619,,618,,620,,625,,625,,627,,632,,632,,634,,638,,639,,646,,649,,651,,656,,661,,663,,672,,677,,681,,685,,694,,697,,706,,715,,719,,731,,737,,745,,747,,727,,711,,696,,684,,669,,655,,641,,633,,637,,649,,659,,671,,687,,702,,715,,728,,744,,764,,5221,,5160,,5101,,5045,,4989,,4934,,4886,,4726,,4684,,4643,,4602,,4666,,4846,,5051,,5275,,5505,,5467,,5435,,5407,,5379,,5348,,5327,,5301,,5283,,5263,,5242,,5227,,5213,,5199,,5131,,5118,,5110,,5104,,5099,,5098,,5097,,5094,,5095,,5100,,5102,,5111,,5115,,5125,,5138,,5147,,5164,,5178,,5036,,4745,,4761,,4780,,4805,,4828,,3386,,3213,,2805,,2672,,2550,,2444,,2344,,2256,,2175,,2095,,2026,,1957,,

635,,629,,635,,639,,646,,654,,661,,670,,676,,683,,691,,700,,709,,715,,725,,5295,,5375,,5457,,5541,,5633,,5688,,5590,,5498,,5411,,5327,,5250,,5173,,5178,,5135,,5069,,5006,,4947,,4887,,4836,,4781,,4617,,4574,,4529,,4487,,4621,,4781,,4966,,5165,,5379,,5352,,5320,,5284,,5252,,5227,,5195,,5174,,5146,,5127,,5105,,5087,,5072,,5055,,5040,,4968,,4957,,4948,,4940,,4937,,4933,,4926,,4928,,4927,,4928,,4932,,4938,,4941,,4947,,4960,,4967,,4982,,4992,,4808,,4558,,4575,,4594,,4612,,4634,,3159,,2982,,2570,,2446,,2332,,2225,,2133,,2045,,1966,,1897,,1829,,1767,,575,,557,,541,,524,,509,,497,,486,,473,,461,,450,,440,,428,,420,,412,,413,,422,,429,,435,,444,,454,,461,,469,,481,,489,,498,,515,,526,,538,,554,,568,,582,,597,,618,,637,,657,,679,,702,,731,,760,,790,,826,,860,,864,,859,,855,,850,,846,,840,,837,,835,,831,,825,,826,,823,,820,,820,,816,,817,,812,,812,,815,,811,,813,,911,,913,,912,,913,,918,,919,,917,,921,,924,,925,,929,,930,,935,,939,,945,,951,,951,,956,,966,,969,,979,,982,,990,,1000,,

627,,631,,635,,639,,647,,653,,660,,665,,669,,678,,681,,690,,700,,704,,714,,5040,,5108,,5173,,5243,,5320,,5399,,5480,,5568,,5661,,5623,,5528,,5440,,5353,,5270,,5193,,5116,,5148,,5082,,5014,,4952,,4893,,4836,,4782,,4732,,4565,,4522,,4480,,4504,,4659,,4829,,5020,,5215,,5344,,5305,,5274,,5239,,5210,,5178,,5155,,5128,,5104,,5082,,5060,,5044,,5028,,5008,,4935,,4923,,4916,,4905,,4900,,4890,,4887,,4887,,4882,,4883,,4883,,4890,,4893,,4898,,4905,,4916,,4926,,4937,,4949,,4686,,4513,,4531,,4549,,4570,,4589,,3084,,2910,,2510,,2383,,2275,,2174,,2079,,1996,,1920,,1849,,1785,,1722,,1668,,513,,501,,486,,469,,457,,447,,439,,427,,414,,410,,398,,389,,380,,377,,368,,368,,372,,379,,387,,396,,405,,414,,421,,430,,443,,449,,461,,473,,486,,502,,517,,529,,547,,566,,583,,606,,627,,654,,679,,707,,740,,777,,817,,835,,827,,825,,822,,814,,812,,812,,805,,805,,802,,798,,798,,794,,796,,795,,794,,792,,791,,791,,791,,794,,791,,797,,895,,897,,901,,901,,906,,906,,908,,915,,916,,922,,924,,926,,932,,936,,943,,949,,

2284,,2268,,2256,,2245,,2231,,2223,,2213,,2203,,2196,,2187,,2180,,2174,,2166,,2164,,2158,,2153,,2153,,2149,,2147,,2144,,2148,,2147,,2148,,2148,,2154,,2155,,2158,,2162,,2165,,2172,,2180,,2187,,2191,,2202,,2210,,2218,,2230,,2244,,2256,,2237,,2128,,2030,,1941,,1859,,1785,,1719,,1659,,1602,,1546,,1497,,1455,,1412,,1372,,1332,,1299,,1264,,1233,,1204,,1179,,1153,,1128,,1108,,1083,,1064,,1046,,1023,,1006,,989,,975,,960,,945,,934,,918,,905,,896,,884,,874,,862,,852,,843,,837,,829,,817,,813,,804,,799,,792,,787,,779,,774,,768,,766,,759,,755,,753,,747,,745,,739,,739,,734,,733,,730,,731,,728,,727,,727,,725,,723,,723,,721,,721,,722,,721,,722,,722,,725,,723,,727,,725,,728,,730,,735,,738,,737,,741,,747,,750,,754,,755,,740,,703,,672,,640,,615,,614,,615,,620,,626,,632,,639,,642,,647,,657,,664,,672,,680,,685,,696,,707,,5167,,5243,,5317,,5399,,5486,,5570,,5663,,5599,,5510,,5416,,5330,,5249,,5174,,5103,,5136,,5065,,4998,,4938,,4880,,4825,,4776,,4723,,4560,,4513,,4472,,4506,,4672,,4842,,5035,,5239,,5340,,5303,,

621,,624,,631,,637,,642,,649,,653,,659,,669,,677,,681,,694,,699,,5088,,5158,,5229,,5309,,5385,,5468,,5556,,5648,,5609,,5515,,5426,,5338,,5255,,5178,,5104,,5136,,5069,,5006,,4942,,4881,,4827,,4772,,4724,,4561,,4516,,4471,,4483,,4646,,4808,,5005,,5199,,5341,,5302,,5266,,5234,,5202,,5173,,5148,,5120,,5101,,5076,,5057,,5042,,5022,,5007,,4995,,4922,,4911,,4903,,4896,,4889,,4888,,4886,,4880,,4885,,4887,,4886,,4892,,4899,,4905,,4918,,4926,,4937,,4954,,4730,,4513,,4533,,4552,,4570,,4592,,3126,,2953,,2550,,2424,,2312,,2212,,2117,,2035,,1957,,1886,,1817,,1756,,1704,,1649,,537,,522,,508,,494,,482,,469,,460,,447,,439,,429,,419,,411,,402,,394,,390,,382,,384,,387,,399,,406,,414,,422,,432,,439,,453,,464,,472,,490,,503,,515,,533,,549,,569,,585,,607,,630,,654,,679,,715,,743,,782,,823,,855,,846,,846,,838,,835,,832,,828,,825,,826,,824,,821,,816,,819,,814,,813,,813,,815,,810,,814,,812,,814,,813,,914,,917,,915,,919,,921,,923,,924,,931,,934,,938,,941,,944,,947,,955,,960,,967,,971,,976,,987,,990,,

1926,,2000,,2079,,2168,,2267,,2294,,2280,,2269,,2258,,2244,,2232,,2221,,2213,,2205,,2196,,2190,,2185,,2177,,2172,,2168,,2165,,2162,,2160,,2158,,2159,,2156,,2156,,2157,,2158,,2162,,2164,,2169,,2173,,2176,,2184,,2188,,2196,,2201,,2209,,2223,,2232,,2240,,2254,,2263,,2262,,2150,,2051,,1960,,1883,,1804,,1737,,1672,,1617,,1564,,1515,,1467,,1425,,1382,,1347,,1313,,1278,,1246,,1216,,1191,,1163,,1141,,1116,,1091,,1071,,1054,,1033,,1020,,998,,985,,971,,954,,940,,926,,916,,901,,890,,878,,873,,862,,853,,841,,835,,828,,819,,813,,803,,800,,790,,786,,779,,778,,771,,768,,764,,758,,755,,750,,748,,742,,742,,738,,738,,735,,732,,732,,730,,729,,727,,727,,728,,728,,726,,728,,726,,730,,728,,731,,731,,730,,733,,738,,736,,741,,744,,747,,751,,754,,757,,753,,709,,677,,647,,616,,614,,619,,621,,627,,630,,638,,645,,651,,656,,663,,671,,679,,684,,692,,701,,5104,,5171,,5242,,5321,,5400,,5485,,5569,,5666,,5590,,5496,,5405,,5325,,5246,,5167,,5105,,5127,,5057,,4991,,4931,,4872,,4819,,4766,,4597,,4554,,4505,,4466,,4511,,4670,,

2185,,2189,,2199,,2206,,2213,,2221,,2234,,2242,,2254,,2267,,2237,,2126,,2030,,1946,,1865,,1791,,1727,,1662,,1603,,1550,,1502,,1459,,1418,,1375,,1340,,1302,,1273,,1239,,1212,,1182,,1157,,1132,,1112,,1087,,1069,,1052,,1031,,1011,,997,,983,,967,,950,,937,,926,,912,,902,,890,,877,,871,,858,,850,,839,,835,,826,,820,,813,,803,,796,,793,,787,,782,,773,,772,,768,,761,,755,,753,,752,,747,,745,,739,,736,,739,,734,,732,,730,,728,,731,,728,,728,,725,,728,,729,,729,,726,,730,,729,,732,,730,,732,,736,,739,,741,,743,,746,,746,,749,,754,,760,,744,,702,,670,,637,,612,,615,,616,,623,,627,,635,,640,,645,,651,,656,,662,,671,,679,,686,,693,,705,,5115,,5186,,5258,,5335,,5418,,5504,,5589,,5670,,5572,,5480,,5388,,5307,,5228,,5151,,5130,,5109,,5041,,4982,,4919,,4860,,4806,,4754,,4588,,4540,,4499,,4458,,4544,,4702,,4882,,5076,,5278,,5324,,5289,,5254,,5224,,5190,,5165,,5136,,5112,,5090,,5070,,5050,,5032,,5016,,5002,,4927,,4919,,4911,,4899,,4895,,4888,,4886,,4883,,4882,,4882,,4886,,4892,,4893,,4902,,4909,,4921,,4931,,

923,,909,,896,,886,,876,,868,,858,,849,,839,,829,,823,,813,,808,,800,,795,,790,,783,,780,,775,,769,,765,,758,,757,,750,,750,,745,,744,,740,,737,,738,,733,,734,,731,,728,,730,,727,,726,,727,,727,,725,,729,,726,,729,,730,,729,,732,,731,,733,,735,,741,,745,,744,,749,,750,,754,,757,,733,,695,,663,,629,,611,,614,,618,,623,,631,,633,,639,,644,,652,,661,,667,,675,,681,,690,,700,,706,,5139,,5207,,5280,,5360,,5441,,5523,,5616,,5647,,5550,,5455,,5366,,5285,,5206,,5132,,5159,,5091,,5024,,4961,,4902,,4844,,4795,,4739,,4577,,4531,,4484,,4443,,4584,,4757,,4936,,5128,,5342,,5316,,5277,,5246,,5215,,5185,,5157,,5130,,5105,,5084,,5066,,5045,,5028,,5015,,4999,,4925,,4916,,4906,,4896,,4891,,4887,,4885,,4883,,4883,,4882,,4889,,4890,,4899,,4904,,4913,,4921,,4934,,4950,,4879,,4508,,4528,,4543,,4563,,4584,,3191,,3007,,2595,,2468,,2348,,2244,,2148,,2061,,1979,,1909,,1838,,1777,,1717,,1665,,1616,,528,,510,,498,,483,,476,,463,,453,,442,,434,,422,,414,,404,,399,,391,,386,,378,,388,,392,,399,,410,,419,,

690,,684,,673,,669,,666,,657,,651,,646,,641,,637,,632,,631,,626,,621,,618,,617,,614,,611,,605,,605,,605,,600,,598,,595,,598,,594,,592,,591,,590,,590,,591,,591,,591,,590,,590,,593,,535,,443,,434,,434,,437,,437,,440,,439,,444,,443,,445,,447,,452,,451,,458,,459,,461,,463,,469,,470,,473,,481,,485,,487,,491,,4459,,4472,,4347,,4244,,4727,,4781,,4841,,4906,,4970,,5036,,5111,,5183,,5265,,5346,,5435,,5388,,5292,,5206,,5120,,5046,,4969,,4899,,4931,,4867,,4799,,4745,,4684,,4631,,4580,,4530,,4368,,4325,,4283,,4244,,4293,,4446,,4621,,4795,,5006,,5123,,5084,,5056,,5023,,4999,,4969,,4943,,4921,,4902,,4883,,4865,,4849,,4832,,4818,,4807,,4736,,4726,,4720,,4712,,4710,,4706,,4706,,4707,,4706,,4711,,4715,,4720,,4728,,4733,,4745,,4756,,4768,,4783,,4801,,4721,,4375,,4380,,4400,,4425,,4446,,4469,,3111,,2961,,2836,,2712,,2398,,2305,,2222,,2142,,2069,,2003,,1941,,1883,,1831,,1779,,1729,,1686,,1644,,1604,,1566,,1530,,1502,,1471,,1439,,1414,,1385,,1360,,1338,,1313,,1294,,1275,,1255,,1235,,1216,,1202,,1187,,1170,,496,,489,,483,,480,,

4322,,4327,,4331,,4333,,4337,,4344,,4350,,4360,,4370,,4380,,4395,,4409,,4426,,4444,,4461,,4480,,4505,,4293,,4235,,4640,,4669,,4702,,4733,,4767,,4804,,4841,,4883,,4925,,4972,,5018,,5069,,5121,,5176,,5068,,4942,,4822,,4707,,4595,,4492,,4524,,4429,,4340,,4254,,4177,,4101,,4026,,3820,,3758,,3698,,3645,,3679,,3758,,3837,,3926,,4020,,4121,,4224,,4334,,4425,,4376,,4332,,4290,,4251,,4212,,4174,,4142,,4107,,4076,,4047,,4020,,3993,,3967,,3947,,3922,,3903,,3819,,3802,,3790,,3774,,3760,,3746,,3736,,3729,,3720,,3713,,3704,,3698,,3695,,3691,,3692,,3688,,3687,,3692,,3693,,3697,,3702,,3706,,3713,,3723,,3665,,3286,,3284,,3295,,3310,,3323,,3338,,3354,,2001,,1894,,1795,,1709,,1631,,1338,,1286,,1231,,1186,,1144,,1102,,1065,,1033,,999,,973,,945,,916,,896,,872,,852,,829,,811,,795,,779,,760,,747,,733,,717,,707,,693,,680,,671,,661,,648,,639,,633,,621,,616,,608,,599,,593,,588,,579,,575,,569,,563,,557,,552,,549,,542,,538,,534,,530,,527,,525,,524,,520,,516,,515,,509,,507,,506,,506,,503,,504,,499,,500,,498,,497,,497,,496,,494,,495,,494,,

2949,,2981,,3015,,3050,,3084,,3122,,3164,,3207,,3252,,5646,,5532,,5423,,5321,,5225,,5136,,5046,,4967,,4888,,4817,,4745,,4677,,4613,,4551,,4493,,4026,,4091,,4196,,4222,,4174,,4134,,4091,,4053,,4018,,3984,,3953,,3921,,3890,,3861,,3833,,3811,,3790,,3768,,3748,,3725,,3396,,3469,,3733,,3724,,3710,,3699,,3687,,3678,,3671,,3663,,3654,,3652,,3647,,3644,,3642,,3644,,3644,,3645,,3649,,3648,,3657,,3662,,3667,,3675,,3688,,3380,,3068,,2845,,2851,,2755,,2573,,2417,,1929,,1827,,1734,,1724,,1734,,1746,,1758,,1773,,1787,,1799,,1815,,1831,,1849,,1869,,1885,,1906,,1927,,1949,,1973,,1998,,2025,,2049,,2079,,2107,,2139,,2174,,2206,,2239,,2216,,2182,,2144,,2110,,2079,,2045,,2017,,1988,,1960,,1937,,1912,,1888,,1865,,1847,,1826,,1806,,1789,,1771,,1756,,1743,,1726,,1714,,1699,,1687,,1676,,1664,,1652,,1642,,1632,,1627,,1617,,1608,,1601,,1599,,1592,,1526,,1519,,1514,,1513,,1508,,1503,,1503,,1503,,1500,,1499,,1498,,1498,,1501,,1500,,1499,,1504,,1505,,1509,,1513,,1514,,1520,,1523,,1529,,1535,,1538,,1546,,1556,,1562,,1569,,1578,,1587,,1597,,1607,,1619,,1630,,1644,,1655,,1669,,1684,,1702,,1719,,1735,,

6599,,6558,,6516,,3751,,3729,,3711,,3694,,3675,,3656,,3646,,3631,,3698,,3685,,3679,,3667,,3661,,3651,,3646,,3640,,3637,,3635,,3634,,3635,,3535,,3536,,3214,,3121,,3129,,3131,,3137,,3148,,3153,,3161,,3172,,3183,,3629,,3643,,3661,,3677,,7818,,7398,,7026,,6685,,6388,,6108,,5864,,5639,,5421,,5230,,5057,,4888,,4737,,4590,,4458,,4335,,4216,,3501,,3509,,3550,,3598,,3636,,3556,,3483,,3412,,3346,,3283,,3225,,3169,,3114,,3063,,3014,,2971,,2926,,2882,,2842,,2428,,2434,,2495,,2557,,2627,,2700,,2685,,2659,,2629,,2605,,2585,,2560,,2539,,2518,,2499,,2481,,2464,,2448,,2434,,2420,,2404,,2392,,2383,,2369,,2362,,2350,,2342,,2336,,2328,,2323,,2319,,281,,281,,279,,281,,276,,276,,276,,278,,280,,276,,277,,278,,279,,282,,282,,280,,281,,280,,286,,283,,285,,286,,287,,288,,290,,293,,296,,295,,299,,299,,305,,303,,310,,309,,312,,318,,320,,325,,328,,328,,332,,337,,341,,348,,351,,355,,361,,367,,372,,376,,383,,388,,394,,406,,410,,417,,429,,435,,444,,455,,465,,477,,489,,502,,515,,528,,548,,564,,581,,598,,618,,641,,668,,690,,724,,

2804,,2821,,2839,,2854,,2877,,2898,,2919,,2940,,2969,,2992,,3018,,3048,,2985,,3018,,3048,,3083,,3121,,3157,,3199,,3240,,3285,,3329,,3375,,3427,,3484,,3538,,3597,,3658,,3725,,3794,,3866,,3943,,4026,,4110,,4199,,4295,,4341,,4284,,4234,,4190,,4144,,4096,,4086,,4213,,5902,,5911,,5911,,6114,,6343,,6603,,6615,,6569,,6530,,6487,,3738,,3715,,3699,,3683,,3664,,3649,,3635,,3703,,3693,,3678,,3670,,3663,,3655,,3650,,3643,,3637,,3635,,3635,,3633,,3636,,3536,,3540,,3121,,3124,,3130,,3136,,3146,,3151,,3163,,3171,,3181,,3192,,3640,,3655,,3671,,3688,,7525,,7140,,6788,,6477,,6199,,5942,,5711,,5498,,5292,,5113,,4936,,4784,,4633,,4502,,4376,,4255,,4145,,3495,,3540,,3583,,3628,,3580,,3508,,3437,,3368,,3303,,3244,,3185,,3130,,3082,,3030,,2982,,2939,,2897,,2855,,2440,,2414,,2474,,2537,,2604,,2672,,2695,,2664,,2640,,2614,,2591,,2567,,2548,,2527,,2506,,2490,,2471,,2454,,2437,,2421,,2410,,2398,,2384,,2376,,2364,,2354,,2344,,2338,,2329,,2325,,2319,,280,,281,,279,,279,,277,,280,,280,,275,,276,,276,,276,,280,,279,,282,,281,,279,,280,,283,,282,,284,,286,,286,,289,,288,,289,,

2803,,2818,,2836,,2857,,2876,,2899,,2920,,2940,,2966,,2995,,3021,,3048,,2985,,3016,,3052,,3087,,3119,,3155,,3197,,3238,,3284,,3330,,3377,,3426,,3482,,3537,,3596,,3658,,3726,,3791,,3868,,3944,,4022,,4112,,4203,,4299,,4341,,4289,,4238,,4185,,4144,,4098,,4090,,4216,,5903,,5910,,5912,,6110,,6353,,6603,,6618,,6572,,6529,,6489,,3738,,3715,,3697,,3682,,3664,,3647,,3634,,3702,,3689,,3678,,3672,,3663,,3653,,3650,,3646,,3639,,3637,,3637,,3632,,3633,,3538,,3539,,3123,,3126,,3130,,3135,,3143,,3152,,3160,,3171,,3179,,3195,,3640,,3655,,3673,,3691,,7529,,7134,,6798,,6481,,6202,,5943,,5705,,5495,,5292,,5112,,4937,,4785,,4637,,4500,,4372,,4255,,4143,,3495,,3539,,3586,,3630,,3584,,3507,,3436,,3368,,3306,,3244,,3185,,3133,,3081,,3031,,2985,,2941,,2899,,2858,,2439,,2414,,2475,,2538,,2600,,2674,,2695,,2665,,2636,,2615,,2590,,2569,,2546,,2526,,2505,,2487,,2471,,2451,,2440,,2424,,2412,,2396,,2387,,2373,,2362,,2356,,2345,,2335,,2331,,2325,,2318,,281,,278,,279,,279,,277,,278,,280,,277,,277,,278,,277,,276,,277,,277,,280,,279,,282,,281,,283,,283,,285,,286,,286,,291,,291,,

3443,,3454,,3459,,3472,,3482,,3490,,3503,,3520,,3311,,3092,,2908,,2790,,2806,,2819,,2838,,2859,,2878,,2898,,2921,,2945,,2967,,2998,,3024,,3023,,2989,,3019,,3049,,3087,,3124,,3159,,3198,,3242,,3286,,3332,,3376,,3429,,3480,,3541,,3598,,3659,,3723,,3794,,3867,,3940,,4027,,4111,,4199,,4294,,4315,,4261,,4215,,4167,,4117,,4076,,4089,,4216,,5884,,5904,,5890,,6102,,6342,,6605,,6594,,6550,,6507,,6471,,3716,,3694,,3678,,3659,,3646,,3629,,3614,,3681,,3672,,3659,,3648,,3643,,3634,,3629,,3624,,3621,,3617,,3614,,3615,,3613,,3514,,3518,,3102,,3106,,3107,,3117,,3121,,3131,,3137,,3149,,3158,,3169,,3617,,3632,,3650,,3671,,7533,,7152,,6799,,6487,,6209,,5951,,5712,,5493,,5300,,5109,,4936,,4789,,4639,,4503,,4377,,4252,,4139,,3469,,3511,,3558,,3601,,3583,,3509,,3433,,3365,,3304,,3242,,3186,,3132,,3077,,3026,,2982,,2937,,2895,,2852,,2438,,2409,,2436,,2496,,2562,,2631,,2693,,2662,,2635,,2610,,2588,,2563,,2543,,2523,,2504,,2484,,2465,,2450,,2434,,2423,,2409,,2394,,2382,,2371,,2360,,2350,,2345,,2334,,2329,,2320,,2315,,2309,,2304,,2301,,2297,,275,,275,,276,,274,,275,,276,,277,,273,,274,,

2017,,1977,,1942,,1906,,1871,,1842,,1812,,1828,,1864,,1833,,1807,,1785,,1763,,1740,,1717,,1696,,1676,,1658,,1641,,1623,,1609,,1593,,1579,,1566,,1552,,1540,,1531,,1520,,1509,,1502,,939,,934,,932,,924,,919,,917,,914,,910,,904,,906,,900,,898,,898,,893,,893,,891,,891,,892,,892,,889,,888,,890,,890,,893,,894,,896,,898,,900,,899,,905,,905,,912,,913,,919,,1356,,1361,,1371,,1377,,1385,,1394,,1404,,1410,,1422,,1430,,4281,,4126,,3989,,3860,,3736,,3619,,3516,,3412,,3323,,3237,,3155,,3078,,3009,,2940,,2876,,2816,,2758,,2703,,2651,,2606,,2556,,2514,,2472,,2433,,2398,,2359,,2328,,2292,,2262,,2232,,2207,,2182,,2153,,2133,,2107,,2086,,2064,,2044,,2028,,2010,,1615,,1602,,1639,,1706,,1783,,1858,,1845,,1835,,1824,,1817,,1804,,1795,,1788,,1784,,1773,,1769,,1763,,1760,,1758,,1751,,1750,,1745,,1744,,1744,,1740,,1742,,1743,,1742,,1744,,1746,,1746,,1747,,1753,,1755,,1759,,1766,,1771,,1775,,1785,,1787,,1799,,1806,,1815,,1826,,1834,,1845,,1860,,1870,,1862,,1789,,1721,,1658,,1607,,1622,,1635,,2066,,2086,,2109,,2130,,2153,,2180,,2207,,2237,,2261,,2293,,2327,,2361,,

613,,602,,589,,578,,569,,562,,551,,545,,537,,526,,518,,510,,505,,497,,493,,490,,481,,475,,473,,466,,463,,458,,453,,471,,487,,503,,527,,548,,574,,599,,629,,666,,703,,747,,793,,851,,846,,841,,842,,835,,834,,834,,829,,827,,829,,829,,824,,825,,826,,823,,826,,828,,824,,829,,827,,831,,829,,833,,836,,836,,7248,,6660,,6145,,5722,,5341,,5018,,4729,,4473,,4250,,4042,,3860,,3693,,3539,,3402,,3273,,3157,,3043,,2942,,2852,,2765,,2683,,2607,,2538,,2469,,2407,,2352,,2298,,2242,,2196,,2148,,2104,,2063,,2026,,1988,,1954,,1923,,1888,,1857,,1827,,1804,,1775,,1753,,1728,,1709,,1684,,1666,,1644,,1629,,1612,,1595,,1577,,1563,,1546,,1537,,1521,,1509,,1499,,1489,,1476,,1465,,1460,,1447,,1443,,1431,,1425,,1418,,1414,,1408,,1058,,1054,,1049,,1124,,1270,,1321,,1321,,1319,,1316,,1316,,1317,,1317,,1315,,1317,,1314,,1319,,1321,,1320,,1321,,1326,,1331,,1333,,1339,,1343,,1348,,1350,,1360,,1365,,1370,,1377,,1388,,1394,,1401,,1411,,1420,,1434,,1442,,1455,,1468,,1479,,1494,,1507,,1524,,1540,,1556,,1573,,1591,,1610,,1629,,1654,,1673,,1697,,1726,,

948,,951,,953,,954,,952,,957,,956,,959,,964,,965,,970,,969,,973,,977,,982,,988,,996,,1002,,1007,,1012,,1020,,1027,,1034,,1042,,1050,,1055,,1069,,1075,,1085,,1099,,1108,,1121,,1133,,1144,,1160,,1175,,1190,,1207,,1223,,1242,,1260,,1281,,1297,,1321,,1343,,1368,,1395,,1421,,1449,,1480,,1510,,1542,,1578,,1614,,1655,,1697,,1744,,1793,,1844,,1895,,1958,,2021,,2090,,2161,,2242,,2330,,2422,,2529,,2640,,2766,,2907,,3057,,3231,,3420,,3639,,3895,,4183,,4526,,4926,,5394,,5900,,7179,,7443,,7429,,7414,,7404,,6416,,6412,,6407,,6403,,6405,,6410,,5544,,4114,,3235,,2683,,2285,,1997,,1772,,1596,,1452,,1327,,1223,,1139,,1065,,998,,941,,890,,841,,803,,765,,732,,701,,673,,647,,622,,601,,580,,561,,548,,527,,513,,503,,488,,478,,462,,454,,442,,431,,422,,416,,406,,398,,392,,387,,376,,370,,366,,362,,353,,348,,345,,342,,335,,334,,329,,322,,322,,316,,314,,312,,305,,306,,299,,300,,297,,294,,293,,292,,288,,287,,284,,283,,280,,281,,277,,277,,277,,278,,277,,275,,272,,272,,272,,273,,273,,270,,269,,271,,271,,268,,

1254,,1239,,1224,,1207,,1195,,1181,,1169,,1154,,1142,,1133,,1122,,1113,,1103,,1095,,1087,,1075,,1070,,1062,,1056,,1048,,1044,,1035,,1033,,1025,,1023,,1017,,1014,,1012,,1006,,1002,,1002,,999,,996,,997,,992,,993,,991,,993,,991,,990,,993,,993,,996,,995,,999,,999,,1003,,1006,,1008,,1012,,1015,,1018,,1020,,1029,,1029,,1036,,1044,,1050,,1057,,1064,,1070,,1076,,1087,,1092,,1104,,1112,,1122,,1133,,1143,,1157,,1168,,1183,,1196,,1206,,1225,,1239,,1254,,1274,,1292,,1312,,1333,,1350,,1373,,1399,,1421,,1451,,1477,,1503,,1535,,1566,,1599,,1638,,1674,,1718,,1764,,1808,,1856,,1912,,1965,,2030,,2090,,2161,,2240,,2318,,2405,,2503,,2612,,2726,,2850,,2996,,3149,,3324,,3523,,3744,,3998,,4279,,4626,,6155,,6131,,6421,,6402,,6387,,6372,,6362,,5366,,5361,,5358,,5355,,5352,,5351,,5353,,5175,,3711,,2884,,2365,,2011,,1750,,1544,,1383,,1251,,1142,,1056,,979,,913,,855,,803,,761,,720,,683,,652,,624,,597,,572,,552,,529,,509,,494,,480,,463,,449,,439,,422,,411,,402,,395,,382,,376,,364,,359,,350,,343,,337,,330,,328,,321,,315,,307,,305,,299,,296,,293,,

1253,,1240,,1222,,1210,,1195,,1180,,1167,,1154,,1144,,1130,,1124,,1111,,1102,,1093,,1085,,1075,,1068,,1063,,1053,,1049,,1042,,1035,,1031,,1029,,1020,,1020,,1014,,1010,,1007,,1006,,1003,,1001,,997,,998,,994,,994,,994,,995,,990,,992,,995,,992,,995,,995,,999,,998,,1002,,1005,,1009,,1010,,1013,,1017,,1024,,1027,,1030,,1035,,1042,,1049,,1054,,1061,,1068,,1078,,1086,,1095,,1100,,1114,,1121,,1132,,1143,,1154,,1166,,1182,,1196,,1209,,1221,,1239,,1255,,1271,,1291,,1311,,1333,,1353,,1375,,1398,,1422,,1449,,1474,,1506,,1534,,1567,,1601,,1640,,1678,,1719,,1762,,1808,,1858,,1912,,1966,,2026,,2092,,2161,,2240,,2322,,2406,,2503,,2611,,2727,,2850,,2994,,3152,,3321,,3518,,3741,,3986,,4290,,4619,,6156,,6135,,6418,,6402,,6387,,6371,,6358,,5367,,5361,,5358,,5353,,5351,,5351,,5355,,5195,,3718,,2892,,2374,,2014,,1748,,1543,,1378,,1250,,1142,,1054,,979,,911,,854,,803,,758,,720,,686,,649,,624,,597,,572,,549,,528,,511,,494,,479,,463,,449,,439,,427,,411,,404,,395,,383,,375,,364,,358,,352,,346,,336,,330,,326,,322,,313,,310,,307,,301,,297,,291,,

1254,,1237,,1223,,1208,,1196,,1180,,1168,,1155,,1145,,1134,,1120,,1110,,1100,,1093,,1086,,1078,,1069,,1060,,1057,,1047,,1044,,1039,,1032,,1026,,1021,,1017,,1014,,1008,,1007,,1002,,999,,999,,996,,996,,994,,996,,993,,993,,992,,994,,992,,992,,995,,996,,998,,1000,,1003,,1004,,1007,,1013,,1016,,1016,,1024,,1029,,1033,,1036,,1040,,1051,,1056,,1064,,1067,,1075,,1085,,1094,,1103,,1114,,1123,,1130,,1145,,1158,,1170,,1180,,1195,,1210,,1225,,1240,,1254,,1274,,1290,,1311,,1333,,1351,,1374,,1395,,1421,,1448,,1475,,1504,,1534,,1567,,1603,,1636,,1679,,1718,,1760,,1810,,1856,,1912,,1966,,2025,,2094,,2164,,2237,,2317,,2409,,2503,,2612,,2725,,2853,,2989,,3154,,3323,,3519,,3740,,3997,,4281,,4617,,6152,,6134,,6418,,6403,,6387,,6373,,6361,,5369,,5362,,5358,,5351,,5350,,5352,,5353,,5214,,3723,,2888,,2375,,2013,,1750,,1543,,1378,,1251,,1142,,1055,,979,,912,,854,,804,,759,,720,,681,,651,,624,,597,,570,,550,,531,,509,,496,,476,,462,,450,,435,,423,,413,,402,,391,,386,,374,,367,,360,,353,,346,,338,,332,,326,,319,,317,,309,,306,,302,,295,,293,,

1254,,1240,,1224,,1210,,1196,,1181,,1165,,1157,,1142,,1133,,1122,,1110,,1100,,1092,,1086,,1075,,1070,,1062,,1052,,1050,,1042,,1035,,1029,,1026,,1020,,1018,,1014,,1010,,1007,,1005,,1003,,1000,,999,,997,,995,,995,,990,,994,,994,,992,,991,,995,,995,,995,,995,,1000,,1004,,1003,,1007,,1010,,1015,,1017,,1020,,1029,,1031,,1036,,1042,,1048,,1055,,1060,,1071,,1076,,1087,,1093,,1104,,1112,,1120,,1133,,1146,,1154,,1169,,1183,,1195,,1206,,1221,,1240,,1257,,1273,,1292,,1313,,1331,,1350,,1372,,1399,,1425,,1447,,1476,,1506,,1535,,1568,,1604,,1638,,1679,,1717,,1761,,1805,,1858,,1908,,1967,,2026,,2090,,2161,,2240,,2322,,2407,,2504,,2608,,2724,,2849,,2993,,3149,,3324,,3516,,3743,,3993,,4280,,4629,,6153,,6133,,6420,,6402,,6385,,6370,,6358,,5369,,5359,,5356,,5352,,5350,,5352,,5351,,5191,,3693,,2901,,2368,,2006,,1743,,1541,,1379,,1249,,1141,,1054,,977,,913,,854,,803,,761,,721,,684,,650,,621,,595,,574,,553,,528,,514,,493,,477,,466,,449,,437,,424,,416,,405,,393,,381,,373,,365,,360,,349,,343,,337,,330,,323,,321,,317,,307,,307,,300,,296,,293,,

1257,,1238,,1224,,1209,,1193,,1179,,1167,,1156,,1145,,1131,,1124,,1112,,1100,,1093,,1087,,1077,,1070,,1061,,1056,,1049,,1042,,1034,,1030,,1027,,1021,,1017,,1013,,1008,,1008,,1002,,1003,,1000,,998,,993,,993,,994,,992,,992,,992,,994,,991,,991,,993,,998,,1000,,999,,1003,,1003,,1006,,1013,,1016,,1016,,1022,,1025,,1034,,1038,,1041,,1049,,1053,,1061,,1070,,1079,,1087,,1095,,1102,,1112,,1122,,1133,,1143,,1158,,1168,,1180,,1195,,1207,,1224,,1240,,1254,,1273,,1292,,1308,,1333,,1350,,1373,,1397,,1422,,1449,,1477,,1507,,1537,,1565,,1602,,1639,,1676,,1718,,1761,,1810,,1855,,1912,,1967,,2028,,2090,,2160,,2237,,2322,,2405,,2506,,2610,,2722,,2853,,2995,,3148,,3324,,3519,,3741,,3988,,4285,,4625,,6151,,6131,,6415,,6401,,6386,,6374,,6361,,5368,,5362,,5358,,5354,,5353,,5351,,5352,,5177,,3714,,2904,,2368,,2012,,1749,,1538,,1380,,1251,,1145,,1052,,976,,912,,854,,803,,760,,718,,683,,651,,624,,597,,572,,552,,529,,512,,496,,476,,466,,447,,435,,423,,414,,402,,395,,383,,374,,367,,357,,349,,343,,335,,332,,324,,318,,316,,310,,303,,299,,293,,291,,

1253,,1239,,1225,,1210,,1193,,1182,,1167,,1157,,1144,,1131,,1121,,1113,,1101,,1094,,1086,,1077,,1071,,1060,,1057,,1051,,1042,,1038,,1029,,1027,,1022,,1018,,1014,,1008,,1009,,1004,,1004,,997,,997,,997,,993,,994,,992,,992,,991,,992,,992,,994,,993,,996,,997,,997,,999,,1003,,1006,,1011,,1014,,1016,,1024,,1028,,1029,,1035,,1040,,1047,,1054,,1062,,1069,,1075,,1086,,1096,,1102,,1113,,1120,,1131,,1145,,1154,,1169,,1178,,1197,,1207,,1225,,1237,,1255,,1275,,1292,,1310,,1330,,1350,,1376,,1397,,1424,,1447,,1474,,1504,,1534,,1567,,1602,,1637,,1678,,1719,,1763,,1806,,1859,,1912,,1967,,2025,,2090,,2159,,2235,,2318,,2406,,2504,,2611,,2724,,2853,,2996,,3152,,3324,,3521,,3745,,3995,,4284,,4621,,6154,,6135,,6418,,6400,,6385,,6372,,6360,,5368,,5359,,5359,,5353,,5354,,5349,,5354,,5200,,3717,,2902,,2370,,2006,,1747,,1544,,1384,,1254,,1143,,1051,,979,,912,,854,,801,,761,,721,,686,,650,,622,,596,,571,,551,,530,,512,,492,,477,,463,,450,,437,,424,,413,,401,,393,,382,,373,,368,,356,,350,,345,,337,,333,,326,,320,,313,,307,,305,,302,,296,,294,,

1254,,1240,,1221,,1207,,1194,,1180,,1167,,1153,,1142,,1130,,1121,,1112,,1104,,1093,,1083,,1076,,1067,,1061,,1054,,1047,,1042,,1037,,1032,,1028,,1024,,1019,,1013,,1012,,1007,,1004,,1003,,997,,997,,995,,993,,995,,993,,991,,992,,990,,991,,995,,993,,996,,1000,,999,,1000,,1005,,1009,,1011,,1015,,1019,,1024,,1026,,1031,,1038,,1042,,1051,,1053,,1061,,1070,,1079,,1084,,1094,,1103,,1111,,1122,,1132,,1142,,1157,,1167,,1183,,1193,,1208,,1223,,1239,,1255,,1275,,1294,,1313,,1331,,1353,,1373,,1397,,1424,,1451,,1477,,1507,,1538,,1566,,1603,,1638,,1678,,1719,,1763,,1807,,1859,,1908,,1964,,2029,,2093,,2161,,2239,,2318,,2406,,2507,,2610,,2724,,2850,,2990,,3150,,3321,,3522,,3739,,3993,,4289,,4616,,6154,,6135,,6419,,6399,,6386,,6372,,6361,,5369,,5362,,5358,,5355,,5352,,5354,,5355,,5171,,3722,,2891,,2369,,2014,,1750,,1544,,1383,,1251,,1145,,1052,,979,,910,,852,,801,,759,,718,,686,,653,,620,,594,,573,,549,,532,,509,,494,,477,,463,,452,,435,,424,,412,,401,,392,,386,,374,,366,,360,,352,,343,,336,,329,,324,,321,,312,,308,,306,,302,,297,,292,,

1254,,1240,,1221,,1209,,1194,,1178,,1166,,1157,,1145,,1132,,1120,,1111,,1100,,1092,,1083,,1077,,1067,,1062,,1057,,1049,,1041,,1035,,1033,,1028,,1022,,1015,,1013,,1009,,1007,,1006,,1002,,998,,996,,993,,993,,995,,993,,994,,990,,990,,991,,992,,995,,994,,996,,1001,,1004,,1004,,1005,,1010,,1013,,1019,,1022,,1026,,1031,,1035,,1044,,1047,,1057,,1062,,1069,,1079,,1084,,1094,,1104,,1113,,1122,,1131,,1146,,1155,,1166,,1182,,1197,,1207,,1223,,1237,,1258,,1272,,1291,,1312,,1328,,1351,,1375,,1397,,1420,,1451,,1474,,1503,,1536,,1566,,1604,,1640,,1676,,1716,,1760,,1808,,1856,,1910,,1966,,2027,,2093,,2165,,2239,,2319,,2406,,2502,,2608,,2722,,2853,,2990,,3149,,3328,,3519,,3744,,3996,,4285,,4618,,6152,,6130,,6416,,6400,,6385,,6372,,6360,,5370,,5362,,5356,,5351,,5351,,5350,,5354,,5176,,3733,,2895,,2367,,2015,,1749,,1541,,1383,,1251,,1146,,1057,,978,,915,,851,,806,,760,,722,,684,,651,,621,,596,,573,,552,,532,,513,,492,,476,,464,,450,,435,,424,,414,,403,,391,,384,,376,,368,,359,,352,,345,,340,,333,,324,,317,,316,,308,,303,,300,,294,,292,,

1256,,1241,,1224,,1206,,1193,,1181,,1168,,1154,,1141,,1135,,1123,,1114,,1101,,1092,,1083,,1075,,1071,,1060,,1054,,1050,,1044,,1036,,1031,,1025,,1023,,1016,,1014,,1012,,1009,,1004,,1002,,997,,998,,994,,995,,995,,993,,993,,992,,994,,991,,994,,997,,995,,998,,1001,,1001,,1006,,1006,,1008,,1013,,1017,,1024,,1025,,1034,,1038,,1044,,1049,,1057,,1063,,1070,,1079,,1085,,1091,,1104,,1113,,1124,,1135,,1142,,1158,,1170,,1179,,1192,,1210,,1225,,1239,,1258,,1274,,1289,,1310,,1332,,1354,,1373,,1396,,1425,,1448,,1478,,1507,,1535,,1569,,1604,,1639,,1677,,1717,,1764,,1808,,1855,,1908,,1965,,2028,,2091,,2159,,2238,,2319,,2406,,2505,,2607,,2726,,2851,,2997,,3146,,3324,,3520,,3746,,3997,,4281,,4627,,6152,,6131,,6417,,6399,,6384,,6371,,6361,,5366,,5362,,5354,,5352,,5351,,5353,,5354,,5155,,3727,,2886,,2375,,2005,,1744,,1545,,1381,,1251,,1145,,1057,,978,,911,,853,,805,,760,,721,,683,,651,,621,,595,,573,,550,,531,,512,,492,,478,,464,,451,,438,,424,,413,,403,,394,,384,,373,,366,,360,,350,,345,,338,,331,,325,,321,,316,,308,,302,,301,,295,,290,,

1256,,1239,,1223,,1210,,1193,,1179,,1168,,1156,,1143,,1131,,1119,,1112,,1104,,1092,,1082,,1075,,1071,,1063,,1053,,1046,,1040,,1037,,1029,,1026,,1023,,1017,,1012,,1008,,1006,,1003,,1000,,