2.47033e-323,2.47033e-323,2.67317e-318
1.53161e-316,1.53161e-316,4.94066e-324
1.53161e-316,1.53161e-316,4.94066e-324
2.47033e-323,2.47033e-323,2.67317e-318
1.53161e-316,1.53161e-316,4.94066e-324
1.53161e-316,1.53161e-316,4.94066e-324
2.47033e-323,2.47033e-323,2.67317e-318
1.53161e-316,1.53161e-316,4.94066e-324
2.47033e-323,2.47033e-323,2.67317e-318
2.47033e-323,2.47033e-323,2.67317e-318
2.47033e-323,2.47033e-323,2.67317e-318
2.47033e-323,2.47033e-323,2.67317e-318
1.53161e-316,1.53161e-316,4.94066e-324
2.47033e-323,2.47033e-323,2.67317e-318
1.53161e-316,1.53161e-316,4.94066e-324
2.47033e-323,2.47033e-323,2.67317e-318
1.53161e-316,1.53161e-316,4.94066e-324
2.47033e-323,2.47033e-323,2.67317e-318
1.53161e-316,1.53161e-316,4.94066e-324
1.53161e-316,1.53161e-316,4.94066e-324
2.47033e-323,2.47033e-323,2.67317e-318
