5.82282e-317,1.63042e-322,1.01628e-318
4.96726e-318,4.00687e-321,4.94066e-324
5.82282e-317,1.63042e-322,1.01628e-318
5.82282e-317,1.63042e-322,1.01628e-318
4.96726e-318,4.00687e-321,4.94066e-324
4.96726e-318,4.00687e-321,4.94066e-324
5.82282e-317,1.63042e-322,1.01628e-318
5.82282e-317,1.63042e-322,1.01628e-318
4.96726e-318,4.00687e-321,4.94066e-324
4.96726e-318,4.00687e-321,4.94066e-324
4.96726e-318,4.00687e-321,4.94066e-324
4.96726e-318,4.00687e-321,4.94066e-324
5.82282e-317,1.63042e-322,1.01628e-318
4.96726e-318,4.00687e-321,4.94066e-324
5.82282e-317,1.63042e-322,1.01628e-318
5.82282e-317,1.63042e-322,1.01628e-318
4.96726e-318,4.00687e-321,4.94066e-324
4.96726e-318,4.00687e-321,4.94066e-324
4.96726e-318,4.00687e-321,4.94066e-324
4.96726e-318,4.00687e-321,4.94066e-324
5.82282e-317,1.63042e-322,1.01628e-318
5.82282e-317,1.63042e-322,1.01628e-318
4.96726e-318,4.00687e-321,4.94066e-324
4.96726e-318,4.00687e-321,4.94066e-324
5.82282e-317,1.63042e-322,1.01628e-318
4.96726e-318,4.00687e-321,4.94066e-324
5.82282e-317,1.63042e-322,1.01628e-318
5.82282e-317,1.63042e-322,1.01628e-318
4.96726e-318,4.00687e-321,4.94066e-324
4.96726e-318,4.00687e-321,4.94066e-324
5.82282e-317,1.63042e-322,1.01628e-318
5.82282e-317,1.63042e-322,1.01628e-318
5.82282e-317,1.63042e-322,1.01628e-318
5.82282e-317,1.63042e-322,1.01628e-318
5.82282e-317,1.63042e-322,1.01628e-318
5.82282e-317,1.63042e-322,1.01628e-318
5.82282e-317,1.63042e-322,1.01628e-318
4.96726e-318,4.00687e-321,4.94066e-324
4.96726e-318,4.00687e-321,4.94066e-324
4.96726e-318,4.00687e-321,4.94066e-324
